m = 54; max(instance) = 1.0; mean(instance) = 0.4220064779711375
2021-01-08 - 20000n_total - 54m - 0.3alpha - 100000max - 200interval - 100n_parallel - bernoulliinstance_type
mean of bandit instance = 0.4220064779711375; max of bandit instance = 1.0
total time spent = 1951.6108107566833
measures: ['regret', 'final_extra']
algs: ['MOSS', 'MOSS Oracle', 'Quantile', 'Parallel (ours)', 'MOSS++ (ours)', 'empMOSS++ (ours)']
Parallel measure = ['SR_emp_regret', 'SR_pulls', 'SR_opt_reward']
Following results are for Alg Parallel
measure:SR_emp_regret ave:
[1298.7  1281.33 1274.72 1273.87 1298.32 1313.56 1323.62 1316.92 1313.04
 1319.88 1316.26 1312.87]
measure:SR_pulls ave:
[ 9900.62 18550.3  29247.05 23507.39  2774.46  2329.95  2301.42  2276.06
  2279.23  2279.23  2276.06  2279.23]
measure:SR_opt_reward ave:
[0.66340214 0.75149835 0.85146718 0.96395316 0.99350212 1.
 1.         1.         1.         1.         1.         1.        ]
Following results are for all algs
measure:regret, alg:MOSS, ave:
[    0.           115.51541592   231.01686162   346.58612567
   462.25145541   577.71151348   693.09283664   808.62521886
   924.2631495   1039.75438133  1155.34550403  1270.89574353
  1386.53362464  1501.98367386  1617.57662604  1732.95203736
  1848.57689047  1964.11167585  2079.73543059  2195.45056237
  2310.76280946  2426.43569305  2541.96741163  2657.65171618
  2773.13583364  2888.77609447  3004.34470885  3120.36341507
  3236.1556697   3351.73181551  3467.35610474  3582.96108347
  3698.69727248  3814.4795046   3930.15505823  4045.8560029
  4161.29174534  4276.91690156  4392.75666617  4508.66891077
  4624.20510774  4739.29230797  4854.79276477  4970.34878222
  5086.09851245  5201.72659888  5317.27247201  5432.81824549
  5548.42316339  5664.18657456  5779.97669518  5889.12320033
  5997.21880702  6105.31625714  6213.42603247  6321.83446136
  6430.22193895  6538.1442387   6646.44203328  6754.61590565
  6862.68306364  6970.80249119  7079.17740853  7186.86907254
  7295.21335453  7403.62365217  7511.83388994  7620.09949937
  7728.03799105  7835.97788004  7944.45548833  8052.68071939
  8155.59137315  8255.93239315  8356.53949998  8456.71247451
  8557.20894299  8657.74512145  8758.00759256  8858.34758098
  8958.79606761  9057.52908979  9150.37430812  9242.11096473
  9334.18702924  9426.57328858  9526.58613279  9644.33161168
  9765.40233125  9886.63734053 10007.76106249 10128.60314337
 10249.35125501 10370.44511643 10491.27040624 10612.25839539
 10733.29852886 10854.34707288 10975.50447209 11096.54427512
 11217.81720264 11339.14871325 11459.75137456 11580.81501581
 11701.861974   11822.56053122 11943.55546628 12064.60346282
 12185.67711701 12306.48287596 12427.66318497 12548.5809272
 12669.72024916 12790.90242591 12911.96584929 13022.36659655
 13106.20695648 13189.30137695 13291.37965064 13405.67162338
 13520.35884743 13635.08082653 13749.7206291  13864.51558375
 13979.37404001 14093.92523369 14208.75594406 14323.54317356
 14438.43214852 14553.03650459 14667.80574109 14782.3124565
 14896.99849183 15011.79108514 15126.65176438 15241.68190987
 15356.47632444 15470.96686712 15585.61870681 15700.25851201
 15813.30758589 15898.65486234 15980.34421525 16086.24831648
 16195.13020876 16304.24621106 16412.9335102  16521.50394669
 16630.17249162 16739.00956186 16847.69653199 16956.31434657
 17065.11547395 17173.86724509 17282.42199377 17390.97234676
 17497.61538356 17583.49265325 17667.11092481 17769.27361922
 17872.30012635 17975.08262048 18078.47013617 18181.88634181
 18285.14875053 18387.96052604 18485.50714308 18567.00323383
 18654.18218036 18751.6203174  18849.3979121  18946.65812059
 19038.72576047 19119.15524255 19203.06211521 19294.95401869
 19378.69791488 19456.56235097 19538.5957093  19622.46276931
 19685.4384362  19717.67908605 19726.47875664 19729.02871921
 19729.93759367 19730.18747913 19730.28178904 19730.32275452
 19730.33838488 19730.35165902 19730.35165902 19730.35165902
 19730.35165902 19730.35165902 19730.35165902 19730.35165902
 19730.35165902 19730.35165902 19730.35165902 19730.35165902
 19730.35165902 19730.35165902 19730.35165902 19730.35165902
 19730.35165902 19730.35165902 19730.35165902 19730.35165902
 19730.35165902 19730.35165902 19730.35165902 19730.35165902
 19730.35165902 19730.35165902 19730.35165902 19730.35165902
 19730.35165902 19730.35165902 19730.35165902 19730.35165902
 19730.35165902 19730.35165902 19730.35165902 19730.35165902
 19730.35165902 19730.35165902 19730.35165902 19730.35165902
 19730.35165902 19730.35165902 19730.35165902 19730.35165902
 19730.35165902 19730.35165902 19730.35165902 19730.35165902
 19730.35165902 19730.35165902 19730.35165902 19730.35165902
 19730.35165902 19730.35165902 19730.35165902 19730.35165902
 19730.35165902 19730.35165902 19730.35165902 19730.35165902
 19730.35165902 19730.35165902 19730.35165902 19730.35165902
 19730.35165902 19730.35165902 19730.35165902 19730.35165902
 19730.35165902 19730.35165902 19730.35165902 19730.35165902
 19730.35165902 19730.35165902 19730.35165902 19730.35165902
 19730.35165902 19730.35165902 19730.35165902 19730.35165902
 19730.35165902 19730.35165902 19730.35165902 19730.35165902
 19730.35165902 19730.35165902 19730.35165902 19730.35165902
 19730.35165902 19730.35165902 19730.35165902 19730.35165902
 19730.35165902 19730.35165902 19730.35165902 19730.35165902
 19730.35165902 19730.35165902 19730.35165902 19730.35165902
 19730.35165902 19730.35165902 19730.35165902 19730.35165902
 19730.35165902 19730.35165902 19730.35165902 19730.35165902
 19730.35165902 19730.35165902 19730.35165902 19730.35165902
 19730.35165902 19730.35165902 19730.35165902 19730.35165902
 19730.35165902 19730.35165902 19730.35165902 19730.35165902
 19730.35165902 19730.35165902 19730.35165902 19730.35165902
 19730.35165902 19730.35165902 19730.35165902 19730.35165902
 19730.35165902 19730.35165902 19730.35165902 19730.35165902
 19730.35165902 19730.35165902 19730.35165902 19730.35165902
 19730.35165902 19730.35165902 19730.35165902 19730.35165902
 19730.35165902 19730.35165902 19730.35165902 19730.35165902
 19730.35165902 19730.35165902 19730.35165902 19730.35165902
 19730.35165902 19730.35165902 19730.35165902 19730.35165902
 19730.35165902 19730.35165902 19730.35165902 19730.35165902
 19730.35165902 19730.35165902 19730.35165902 19730.35165902
 19730.35165902 19730.35165902 19730.35165902 19730.35165902
 19730.35165902 19730.35165902 19730.35165902 19730.35165902
 19730.35165902 19730.35165902 19730.35165902 19730.35165902
 19730.35165902 19730.35165902 19730.35165902 19730.35165902
 19730.35165902 19730.35165902 19730.35165902 19730.35165902
 19730.35165902 19730.35165902 19730.35165902 19730.35165902
 19730.35165902 19730.35165902 19730.35165902 19730.35165902
 19730.35165902 19730.35165902 19730.35165902 19730.35165902
 19730.35165902 19730.35165902 19730.35165902 19730.35165902
 19730.35165902 19730.35165902 19730.35165902 19730.35165902
 19730.35165902 19730.35165902 19730.35165902 19730.35165902
 19730.35165902 19730.35165902 19730.35165902 19730.35165902
 19730.35165902 19730.35165902 19730.35165902 19730.35165902
 19730.35165902 19730.35165902 19730.35165902 19730.35165902
 19730.35165902 19730.35165902 19730.35165902 19730.35165902
 19730.35165902 19730.35165902 19730.35165902 19730.35165902
 19730.35165902 19730.35165902 19730.35165902 19730.35165902
 19730.35165902 19730.35165902 19730.35165902 19730.35165902
 19730.35165902 19730.35165902 19730.35165902 19730.35165902
 19730.35165902 19730.35165902 19730.35165902 19730.35165902
 19730.35165902 19730.35165902 19730.35165902 19730.35165902
 19730.35165902 19730.35165902 19730.35165902 19730.35165902
 19730.35165902 19730.35165902 19730.35165902 19730.35165902
 19730.35165902 19730.35165902 19730.35165902 19730.35165902
 19730.35165902 19730.35165902 19730.35165902 19730.35165902
 19730.35165902 19730.35165902 19730.35165902 19730.35165902
 19730.35165902 19730.35165902 19730.35165902 19730.35165902
 19730.35165902 19730.35165902 19730.35165902 19730.35165902
 19730.35165902 19730.35165902 19730.35165902 19730.35165902
 19730.35165902 19730.35165902 19730.35165902 19730.35165902
 19730.35165902 19730.35165902 19730.35165902 19730.35165902
 19730.35165902 19730.35165902 19730.35165902 19730.35165902
 19730.35165902 19730.35165902 19730.35165902 19730.35165902
 19730.35165902 19730.35165902 19730.35165902 19730.35165902
 19730.35165902 19730.35165902 19730.35165902 19730.35165902
 19730.35165902 19730.35165902 19730.35165902 19730.35165902
 19730.35165902 19730.35165902 19730.35165902 19730.35165902
 19730.35165902 19730.35165902 19730.35165902 19730.35165902
 19730.35165902]
measure:regret, alg:MOSS Oracle, ave:
[   0.          115.40740571  230.86189156  346.46063008  462.05657366
  577.3611213   687.85117754  795.79310354  900.65831543 1008.51696086
 1129.46847764 1250.44323972 1363.37813632 1463.84825978 1578.5523556
 1690.65136526 1795.74938403 1898.40294597 1996.34574649 2081.04580681
 2184.70234917 2297.24411914 2409.61672169 2529.16126547 2651.47525113
 2772.13448427 2878.48938131 2978.95547016 3072.3112037  3149.7622666
 3218.94288576 3312.28217116 3416.18315378 3516.60687907 3622.34848455
 3720.50637102 3814.51236028 3923.69377038 4009.75039558 4077.40332627
 4159.75811382 4263.1698458  4375.0503049  4478.3396995  4573.60370421
 4664.95621449 4752.21030684 4840.61866127 4931.45453378 5015.6881512
 5070.65849557 5098.12809824 5103.74061004 5105.28903334 5105.61053527
 5105.61053527 5105.61053527 5105.61053527 5105.61053527 5105.61053527
 5105.61053527 5105.61053527 5105.61053527 5105.61053527 5105.61053527
 5105.61053527 5105.61053527 5105.61053527 5105.61053527 5105.61053527
 5105.61053527 5105.61053527 5105.61053527 5105.61053527 5105.61053527
 5105.61053527 5105.61053527 5105.61053527 5105.61053527 5105.61053527
 5105.61053527 5105.61053527 5105.61053527 5105.61053527 5105.61053527
 5105.61053527 5105.61053527 5105.61053527 5105.61053527 5105.61053527
 5105.61053527 5105.61053527 5105.61053527 5105.61053527 5105.61053527
 5105.61053527 5105.61053527 5105.61053527 5105.61053527 5105.61053527
 5105.61053527 5105.61053527 5105.61053527 5105.61053527 5105.61053527
 5105.61053527 5105.61053527 5105.61053527 5105.61053527 5105.61053527
 5105.61053527 5105.61053527 5105.61053527 5105.61053527 5105.61053527
 5105.61053527 5105.61053527 5105.61053527 5105.61053527 5105.61053527
 5105.61053527 5105.61053527 5105.61053527 5105.61053527 5105.61053527
 5105.61053527 5105.61053527 5105.61053527 5105.61053527 5105.61053527
 5105.61053527 5105.61053527 5105.61053527 5105.61053527 5105.61053527
 5105.61053527 5105.61053527 5105.61053527 5105.61053527 5105.61053527
 5105.61053527 5105.61053527 5105.61053527 5105.61053527 5105.61053527
 5105.61053527 5105.61053527 5105.61053527 5105.61053527 5105.61053527
 5105.61053527 5105.61053527 5105.61053527 5105.61053527 5105.61053527
 5105.61053527 5105.61053527 5105.61053527 5105.61053527 5105.61053527
 5105.61053527 5105.61053527 5105.61053527 5105.61053527 5105.61053527
 5105.61053527 5105.61053527 5105.61053527 5105.61053527 5105.61053527
 5105.61053527 5105.61053527 5105.61053527 5105.61053527 5105.61053527
 5105.61053527 5105.61053527 5105.61053527 5105.61053527 5105.61053527
 5105.61053527 5105.61053527 5105.61053527 5105.61053527 5105.61053527
 5105.61053527 5105.61053527 5105.61053527 5105.61053527 5105.61053527
 5105.61053527 5105.61053527 5105.61053527 5105.61053527 5105.61053527
 5105.61053527 5105.61053527 5105.61053527 5105.61053527 5105.61053527
 5105.61053527 5105.61053527 5105.61053527 5105.61053527 5105.61053527
 5105.61053527 5105.61053527 5105.61053527 5105.61053527 5105.61053527
 5105.61053527 5105.61053527 5105.61053527 5105.61053527 5105.61053527
 5105.61053527 5105.61053527 5105.61053527 5105.61053527 5105.61053527
 5105.61053527 5105.61053527 5105.61053527 5105.61053527 5105.61053527
 5105.61053527 5105.61053527 5105.61053527 5105.61053527 5105.61053527
 5105.61053527 5105.61053527 5105.61053527 5105.61053527 5105.61053527
 5105.61053527 5105.61053527 5105.61053527 5105.61053527 5105.61053527
 5105.61053527 5105.61053527 5105.61053527 5105.61053527 5105.61053527
 5105.61053527 5105.61053527 5105.61053527 5105.61053527 5105.61053527
 5105.61053527 5105.61053527 5105.61053527 5105.61053527 5105.61053527
 5105.61053527 5105.61053527 5105.61053527 5105.61053527 5105.61053527
 5105.61053527 5105.61053527 5105.61053527 5105.61053527 5105.61053527
 5105.61053527 5105.61053527 5105.61053527 5105.61053527 5105.61053527
 5105.61053527 5105.61053527 5105.61053527 5105.61053527 5105.61053527
 5105.61053527 5105.61053527 5105.61053527 5105.61053527 5105.61053527
 5105.61053527 5105.61053527 5105.61053527 5105.61053527 5105.61053527
 5105.61053527 5105.61053527 5105.61053527 5105.61053527 5105.61053527
 5105.61053527 5105.61053527 5105.61053527 5105.61053527 5105.61053527
 5105.61053527 5105.61053527 5105.61053527 5105.61053527 5105.61053527
 5105.61053527 5105.61053527 5105.61053527 5105.61053527 5105.61053527
 5105.61053527 5105.61053527 5105.61053527 5105.61053527 5105.61053527
 5105.61053527 5105.61053527 5105.61053527 5105.61053527 5105.61053527
 5105.61053527 5105.61053527 5105.61053527 5105.61053527 5105.61053527
 5105.61053527 5105.61053527 5105.61053527 5105.61053527 5105.61053527
 5105.61053527 5105.61053527 5105.61053527 5105.61053527 5105.61053527
 5105.61053527 5105.61053527 5105.61053527 5105.61053527 5105.61053527
 5105.61053527 5105.61053527 5105.61053527 5105.61053527 5105.61053527
 5105.61053527 5105.61053527 5105.61053527 5105.61053527 5105.61053527
 5105.61053527 5105.61053527 5105.61053527 5105.61053527 5105.61053527
 5105.61053527 5105.61053527 5105.61053527 5105.61053527 5105.61053527
 5105.61053527 5105.61053527 5105.61053527 5105.61053527 5105.61053527
 5105.61053527 5105.61053527 5105.61053527 5105.61053527 5105.61053527
 5105.61053527 5105.61053527 5105.61053527 5105.61053527 5105.61053527
 5105.61053527 5105.61053527 5105.61053527 5105.61053527 5105.61053527
 5105.61053527 5105.61053527 5105.61053527 5105.61053527 5105.61053527
 5105.61053527 5105.61053527 5105.61053527 5105.61053527 5105.61053527
 5105.61053527 5105.61053527 5105.61053527 5105.61053527 5105.61053527
 5105.61053527 5105.61053527 5105.61053527 5105.61053527 5105.61053527
 5105.61053527 5105.61053527 5105.61053527 5105.61053527 5105.61053527
 5105.61053527 5105.61053527 5105.61053527 5105.61053527 5105.61053527
 5105.61053527 5105.61053527 5105.61053527 5105.61053527 5105.61053527
 5105.61053527 5105.61053527 5105.61053527 5105.61053527 5105.61053527
 5105.61053527 5105.61053527 5105.61053527 5105.61053527 5105.61053527
 5105.61053527 5105.61053527 5105.61053527 5105.61053527 5105.61053527
 5105.61053527 5105.61053527 5105.61053527 5105.61053527 5105.61053527
 5105.61053527 5105.61053527 5105.61053527 5105.61053527 5105.61053527
 5105.61053527 5105.61053527 5105.61053527 5105.61053527 5105.61053527
 5105.61053527 5105.61053527 5105.61053527 5105.61053527 5105.61053527
 5105.61053527 5105.61053527 5105.61053527 5105.61053527 5105.61053527
 5105.61053527 5105.61053527 5105.61053527 5105.61053527 5105.61053527
 5105.61053527 5105.61053527 5105.61053527 5105.61053527 5105.61053527
 5105.61053527 5105.61053527 5105.61053527 5105.61053527 5105.61053527
 5105.61053527 5105.61053527 5105.61053527 5105.61053527 5105.61053527
 5105.61053527 5105.61053527 5105.61053527 5105.61053527 5105.61053527
 5105.61053527 5105.61053527 5105.61053527 5105.61053527 5105.61053527
 5105.61053527 5105.61053527 5105.61053527 5105.61053527 5105.61053527
 5105.61053527 5105.61053527 5105.61053527 5105.61053527 5105.61053527
 5105.61053527 5105.61053527 5105.61053527 5105.61053527 5105.61053527
 5105.61053527 5105.61053527 5105.61053527 5105.61053527 5105.61053527
 5105.61053527]
measure:regret, alg:Quantile, ave:
[    0.           101.99115248   191.81590161   281.1651803
   362.33329542   439.38710609   531.63069591   609.98119498
   684.73202464   758.90260758   833.00412485   924.13922337
  1000.3112805   1072.68314895  1143.3138546   1213.4593099
  1283.37676837  1353.11083301  1422.83784271  1492.45191426
  1561.96028917  1647.99678518  1727.49452302  1798.18794991
  1866.44135698  1933.4651644   2000.0474651   2066.57884937
  2132.85509544  2198.97471817  2265.02545653  2331.12426525
  2397.21601228  2463.28155853  2529.39237726  2595.62532225
  2661.66445345  2727.73342067  2793.77835714  2859.80561423
  2925.87128717  2994.29803335  3089.75135721  3164.59891892
  3231.26323728  3296.20306578  3360.22048203  3422.93162343
  3485.13927357  3547.05449002  3608.84505824  3670.5340098
  3732.18485889  3793.84818139  3855.63768412  3917.28037857
  3978.91062818  4040.46312252  4102.01252438  4163.63219963
  4225.1968671   4286.72354994  4348.23745571  4409.76540783
  4471.29604637  4532.83568795  4594.35166096  4655.87122212
  4717.38917354  4778.90800469  4840.41803625  4901.95305948
  4963.48735764  5024.9993292   5086.57435392  5148.13220002
  5209.68879954  5271.22179548  5332.7268101   5394.22853774
  5455.74581475  5517.26160613  5583.39425209  5681.33379131
  5758.27503198  5824.02387606  5885.10764302  5944.15753398
  6002.4359284   6060.55536666  6118.17718404  6175.61990599
  6232.48084547  6289.23274101  6345.72585892  6402.29746505
  6458.65827886  6515.00547921  6571.32842087  6627.5455847
  6683.66989871  6739.89711318  6796.06565384  6852.1629435
  6908.25688589  6964.34790131  7020.4806035   7076.55865882
  7132.63968468  7188.71822105  7244.80805152  7300.98070247
  7357.11784477  7413.21916393  7469.33976133  7525.41845871
  7581.58265691  7637.73861613  7693.79911515  7749.94846932
  7806.03491477  7862.10681276  7918.18637401  7974.25524062
  8030.33014106  8086.48263995  8142.61772736  8198.76669747
  8254.83718589  8310.97590923  8367.00807761  8423.07403779
  8479.14455155  8535.19193736  8591.22553619  8647.29743543
  8703.38888073  8759.43176     8815.52390405  8871.55769443
  8927.62018329  8983.70019396  9039.76526427  9095.82954346
  9151.92781218  9208.11306283  9264.18448905  9320.26002358
  9376.34599703  9432.41047698  9488.470976    9544.53147503
  9600.59197406  9656.65247308  9712.71297211  9768.7964188
  9824.86155094  9880.95745859  9937.01835719  9993.1104839
 10049.17231266 10105.23281169 10161.29732677 10217.36783991
 10283.10715687 10378.6749831  10455.38254494 10520.95941828
 10581.79622693 10640.79835698 10696.96426166 10753.33101658
 10809.01805434 10864.23109746 10919.3887345  10974.10920663
 11028.48627443 11082.88228538 11136.9029409  11191.00610102
 11244.93145782 11298.81065729 11352.70384741 11406.64095274
 11460.55929077 11514.45021665 11568.50630224 11622.4695467
 11676.35375498 11730.19816047 11783.98677726 11837.76342472
 11891.52546739 11945.34212068 11999.19374981 12053.08389505
 12106.87940096 12160.66013346 12214.41931105 12268.16704939
 12321.93017305 12375.70927806 12429.45922336 12483.20022545
 12536.94351973 12590.67401868 12644.39958177 12698.13380105
 12751.86651889 12805.59962571 12859.32762447 12913.0578699
 12966.83785219 13020.58939633 13074.31882082 13128.05908812
 13181.80956932 13235.56508591 13289.31651261 13343.05784796
 13396.78608183 13450.52913831 13504.28197223 13558.02647549
 13611.80341075 13665.54767682 13719.3037495  13773.07623966
 13826.82046544 13880.56469122 13934.3178491  13988.07084895
 14041.83325534 14095.57748112 14149.32995232 14203.15126111
 14256.95778775 14310.70228542 14364.46147629 14418.20570207
 14471.96329446 14525.72112841 14579.47568347 14633.2229904
 14686.99291903 14740.8032301  14794.55088705 14848.29789842
 14902.0443321  14955.78855787 15009.56921621 15063.35385307
 15117.10729537 15170.85487836 15224.63129295 15278.39458994
 15332.15117219 15385.90098189 15439.64629197 15493.39286945
 15547.12271442 15600.85259795 15654.59186998 15708.32829008
 15762.06022119 15815.81988683 15869.56830914 15923.2907515
 15977.00912726 16030.79167305 16084.51164801 16138.23398882
 16191.95236458 16245.67900941 16299.41467932 16353.15591093
 16406.8814173  16460.60761133 16514.3475678  16568.08371234
 16621.82317792 16675.55212611 16729.27073796 16782.99646978
 16836.76137097 16890.47993328 16944.20353367 16997.92235365
 17051.64181857 17105.36410592 17159.09030773 17212.80957193
 17266.54341956 17320.27246064 17373.9925502  17427.71534512
 17481.44190946 17535.16633874 17588.89862237 17642.62898185
 17696.38082364 17750.09919941 17803.82108852 17857.53946429
 17911.26008266 17965.00970153 18018.74222078 18072.46069959
 18126.17907535 18179.90453055 18233.63098755 18287.35886723
 18341.09062977 18394.81768543 18448.58817754 18502.31634836
 18556.04199154 18609.7652694  18663.48631387 18717.20581725
 18770.93615442 18824.65453018 18878.3737838  18932.0962614
 18985.81463717 19039.53301293 19093.2513887  19146.96976446
 19220.00102619 19317.01595651 19398.53613629 19466.71172892
 19528.30173892 19584.99777138 19640.4802111  19694.14274133
 19747.29678177 19800.05825929 19852.87359953 19905.82093488
 19958.54003538 20011.27127747 20063.64206785 20115.97029237
 20168.11109161 20219.91196167 20271.76037677 20323.56860642
 20375.5074256  20427.38687288 20479.19145783 20530.95650878
 20582.71462628 20634.51852675 20686.21804287 20737.91059381
 20789.72392866 20841.43019597 20893.14240056 20944.87310075
 20996.57303896 21048.2560644  21100.01988782 21151.74612994
 21203.48927173 21255.16413383 21306.83730247 21358.52795016
 21410.17090544 21461.83815493 21513.49541846 21565.15742919
 21616.81241177 21668.46452588 21720.11559983 21771.75823786
 21823.41065138 21875.08811448 21926.75007439 21978.40029099
 22030.09810718 22081.74074521 22133.39833138 22185.0464059
 22236.68457445 22288.32517861 22339.969029   22391.66809921
 22443.28344626 22494.9153031  22546.56356728 22598.22961561
 22649.88646297 22701.53148797 22753.19219748 22804.84076987
 22856.48345512 22908.12750362 22959.78288063 23011.42551866
 23063.16869449 23114.83235385 23166.5369382  23218.18086813
 23269.8417378  23321.52116277 23373.17214503 23424.81929729
 23476.46193532 23528.1065588  23579.75375249 23631.40649724
 23683.04913527 23734.69177331 23786.33441134 23837.98248191
 23889.63423431 23941.27687234 23992.92617408 24044.56881211
 24096.27803555 24147.92564583 24199.57459537 24251.23852186
 24302.88115989 24354.53474882 24406.20573948 24457.84871832
 24509.51493921 24561.18590217 24612.82923901 24664.47187704
 24716.11451507 24767.7571531  24819.41488625 24871.06458018
 24922.70721821 24974.3525648  25025.99529368 25077.64348702
 25129.28612505 25180.92967081 25232.582834   25284.22951478
 25335.87397874 25387.51661677 25439.16124916 25490.80388719
 25542.45536963 25594.09800766 25645.7406457  25697.38328373
 25749.02592176 25800.67031531 25852.32140282 25903.96404085
 25955.60667889 26007.25182099 26058.89602286 26110.56035832
 26162.20309939 26213.85055395 26265.49319198 26317.15007318
 26368.7945187  26420.43715674 26472.07979477 26523.72962383
 26575.37226186 26627.01510784 26678.65841585 26730.30674095
 26781.94937898 26833.59201701 26885.23465504 26936.91671095
 26988.55934899 27040.20198702 27091.84803181 27143.49066984
 27195.13490993 27246.77754796 27298.41952429 27350.06216233
 27401.71111899 27453.37234124 27505.01622094 27556.65885897
 27608.30337555 27659.9503712  27711.59537866 27763.23951717
 27814.89070549 27866.53521212 27918.17300445 27969.81564249
 28021.45828052 28073.10091855 28124.74355658 28176.38619461
 28228.05692892]
measure:regret, alg:Parallel (ours), ave:
[    0.           114.31288149   227.44747822   340.48604631
   454.0724696    567.14973989   680.97999896   795.21646706
   908.9520411   1023.70603392  1137.93053293  1251.65149405
  1365.8588081   1479.191109    1592.79107176  1706.55609704
  1820.22340731  1934.50969894  2048.5590385   2160.79154584
  2254.69404227  2347.84359295  2447.50996039  2549.63588916
  2652.55192789  2758.56514966  2863.86458745  2969.43301325
  3075.4244385   3180.47044223  3286.69286735  3393.33295484
  3499.36194486  3605.33758073  3711.65825796  3817.7254298
  3925.29701414  4032.26850821  4138.58949007  4215.41879655
  4291.28243755  4370.48889385  4454.92363189  4539.24290939
  4625.88053353  4714.46518951  4802.56934479  4892.2294593
  4983.4683081   5076.17611725  5170.98104159  5265.86788375
  5360.87234501  5454.4279025   5548.01228448  5642.04478726
  5734.69828321  5825.62414729  5899.30425438  5970.8211578
  6045.81920121  6126.1086859   6207.99997204  6297.28921385
  6387.35436654  6479.21978293  6570.26963114  6661.41689583
  6750.32071551  6839.58371115  6928.17814246  7012.84787077
  7098.30385803  7185.11321109  7270.10673108  7355.39540938
  7440.77460146  7510.27660878  7576.07854977  7637.63820371
  7701.7010851   7765.22093003  7829.22233244  7896.71533084
  7961.99299419  8037.41941751  8115.51893517  8195.28303404
  8278.01360764  8361.10757106  8442.28538935  8521.38235011
  8598.05374485  8677.40207134  8756.57654295  8835.53610037
  8912.73562666  8989.27720531  9064.86624472  9135.62980887
  9203.50914583  9265.47695412  9325.77555637  9384.06406471
  9438.90614898  9492.4156768   9545.9451689   9597.40864202
  9648.59016507  9700.01212008  9750.0610573   9799.13129995
  9847.2904246   9895.40401977  9943.55114272  9989.10765665
 10033.7125816  10076.76828193 10119.53543669 10160.77128619
 10199.52248829 10239.94653535 10281.14128582 10321.87614864
 10363.22653466 10406.03280081 10448.64413501 10491.52744311
 10533.6557579  10577.39554241 10623.2872516  10669.54444281
 10715.61337376 10762.61652617 10809.46142654 10855.93243728
 10901.06305971 10944.49840266 10987.40065922 11028.22413154
 11068.40522449 11106.82063381 11147.05090155 11186.53286306
 11225.32885807 11266.13348078 11306.49843139 11347.72014995
 11390.49618012 11434.22582962 11478.83465977 11523.40745742
 11567.8773418  11610.61768668 11653.60025152 11697.42923671
 11742.44870982 11787.88203573 11830.3217199  11873.17596186
 11916.07961126 11956.90074814 11998.48392078 12040.165006
 12079.16356308 12118.72236296 12157.19811295 12196.94719573
 12236.86904827 12279.74253158 12323.26266646 12367.45437711
 12410.69413308 12453.26530141 12495.41992014 12538.61674295
 12582.29861619 12625.87434962 12669.97350152 12713.7323145
 12754.15364154 12795.21524266 12837.11691835 12877.89384388
 12918.38791299 12959.19990192 12999.6265073  13038.32103719
 13076.86331105 13115.23271095 13154.26686876 13195.16269155
 13236.54828017 13277.47244897 13320.24255561 13363.91455278
 13405.63671081 13447.76350159 13489.27965512 13530.79079554
 13571.56707436 13613.73709233 13653.58073919 13691.05686113
 13730.11061508 13766.43609528 13801.10694651 13829.15681043
 13856.05138848 13880.35560774 13903.98920353 13925.24718688
 13940.21190265 13957.24919617 13974.1907254  13991.94949163
 14007.82918025 14022.10512852 14034.72034706 14045.97396285
 14056.48785956 14065.62911034 14073.53224161 14082.10569116
 14089.99879697 14096.79205221 14103.63130166 14110.86306857
 14118.98833648 14126.76203982 14133.82712491 14139.3420457
 14145.53404409 14152.28814654 14159.0684502  14166.15991026
 14173.05244052 14180.81512922 14188.43590405 14194.86544725
 14201.1539364  14207.21895725 14214.96993802 14221.99154504
 14228.6340068  14235.1551905  14241.52258802 14247.43129592
 14253.18404878 14259.70244703 14267.05234314 14273.43455404
 14279.10691004 14285.42086435 14291.49891781 14297.7335649
 14304.97006201 14312.22184347 14318.76677643 14325.04615822
 14330.8362994  14338.42327767 14345.56165897 14351.86463238
 14358.98215332 14366.35279155 14373.78483199 14380.87689809
 14387.49941582 14393.03978949 14399.19233204 14405.85443224
 14412.37287496 14418.82958747 14425.10606146 14430.89746466
 14436.2896764  14442.19961252 14449.40913139 14456.76993309
 14462.46623235 14468.72516834 14475.19772986 14482.63452366
 14490.06298641 14497.18872859 14504.16571166 14511.52001906
 14517.82623647 14523.72774272 14529.40755501 14535.78914812
 14542.65131389 14549.9583171  14556.36461988 14562.36408514
 14569.53669812 14576.72036377 14583.19991818 14588.85361917
 14594.78174391 14600.56296841 14606.74001827 14613.21545422
 14619.92686311 14626.5065034  14633.27602808 14640.29127449
 14647.14152469 14653.10354556 14659.39898358 14665.68666731
 14672.20749454 14679.43928194 14686.91778444 14694.54770757
 14700.55195929 14705.33966072 14711.38661801 14717.61054737
 14724.16865538 14730.7451531  14737.33595125 14743.87935282
 14750.35533482 14756.84559558 14763.83048815 14770.35522829
 14776.14354431 14782.3619429  14788.71699805 14795.35256673
 14801.96796004 14808.3950293  14814.0251101  14820.40437512
 14827.46332517 14834.57942145 14841.127463   14846.40139558
 14853.4123408  14860.54342346 14865.91881395 14872.55878561
 14879.73066335 14884.92886492 14890.30860846 14895.93480154
 14902.10684588 14908.69654787 14915.27635135 14921.95363466
 14928.49452022 14933.78796239 14939.46242122 14945.53153759
 14952.46621537 14959.34449918 14965.98607976 14972.25792203
 14978.2028425  14984.78307444 14990.736909   14996.66992628
 15003.82625264 15010.40845    15016.70410759 15022.6548754
 15028.56008039 15034.48106298 15040.26877292 15046.13173143
 15052.26231455 15057.34269667 15061.99206587 15068.00076607
 15074.58603358 15081.77129606 15087.53815578 15093.00510642
 15098.82709282 15105.84491148 15113.86147448 15120.30085364
 15126.71049494 15132.9221666  15139.36542548 15145.1445218
 15150.16303244 15156.12113052 15162.60883511 15168.22859758
 15173.75877154 15179.9268693  15186.68848768 15193.31368313
 15199.59465867 15205.7423619  15211.26915003 15216.37538691
 15221.84481331 15227.91942744 15234.58800955 15241.13872952
 15247.06505624 15253.60525828 15259.91010696 15266.23269041
 15273.01741144 15279.89292957 15285.16133036 15290.56699567
 15296.81758385 15303.17818039 15309.00929068 15314.03095697
 15320.15980935 15326.82866822 15333.52686825 15340.48560611
 15347.65900779 15353.10188126 15358.50444346 15364.75369235
 15370.36365495 15375.92153168 15381.76168264 15387.57059113
 15393.49540878 15399.56082473 15405.76076024 15411.51538472
 15418.33568728 15425.0208678  15431.33482823 15437.3129557
 15442.00350839 15447.88065138 15454.01294698 15460.34632911
 15467.13965367 15473.12862728 15478.21578721 15483.74845838
 15489.95514978 15497.00892084 15502.67826814 15507.10878186
 15512.45892551 15517.54620668 15522.50517485 15527.37814706
 15531.94761863 15535.74713989 15540.56011859 15545.56683608
 15549.8031306  15554.41609168 15558.89336395 15563.16462758
 15567.10982624 15571.74130965 15575.59990569 15579.2416947
 15582.66769395 15586.30933864 15589.73493134 15593.04810795
 15596.41212587 15599.98396955 15603.08707005 15605.69226679
 15607.13566754 15608.42283015 15609.66152804 15611.05863245
 15613.03464289 15615.34399402 15617.48187098 15619.17563254
 15620.8235706  15622.04609945 15623.14559741 15624.74985562
 15626.57699526 15628.84152646 15630.52268068 15631.96741669
 15633.10252372 15635.23016731 15637.55832324 15639.83590002
 15641.85807565 15643.66979161 15645.09044654 15646.68385809
 15648.43604423 15650.27164572 15651.80884725 15652.61038495
 15653.50804941]
measure:regret, alg:MOSS++ (ours), ave:
[    0.           115.48673454   231.14778404   346.98442492
   462.87384456   578.12051136   693.48897027   809.13706613
   922.68444394  1029.12550809  1137.94927668  1258.46726904
  1373.50629844  1419.24259067  1423.55435025  1427.23829327
  1502.39134742  1615.33018367  1725.0483269   1838.45324098
  1935.93791031  2043.90558153  2152.98081765  2211.77075571
  2242.14469231  2270.13258031  2296.54213604  2321.5596402
  2343.46115564  2361.91458366  2379.24904564  2396.79521342
  2412.48132706  2428.14861608  2443.48052938  2458.71996889
  2489.53680554  2600.85815801  2709.70192058  2817.60420886
  2907.46527986  3001.77242042  3073.80603355  3116.32949624
  3157.87538261  3198.17335901  3234.19312292  3264.78930437
  3290.88718106  3314.90641236  3336.55273823  3357.42042868
  3377.47463335  3396.66643357  3415.66629376  3434.48012041
  3452.94835559  3471.31599777  3489.66853343  3508.02151604
  3526.4957642   3544.84829987  3563.20083553  3581.55337119
  3599.90590685  3618.28460998  3636.63714564  3654.98968131
  3673.34221697  3691.69475263  3710.04728829  3728.40510759
  3746.75764326  3765.11017892  3783.46271458  3801.81525024
  3820.16778591  3857.07945921  3962.84568127  4061.26563247
  4150.66347061  4225.86070765  4293.89471617  4351.47343322
  4391.07953369  4425.3625934   4456.09075666  4483.24286862
  4508.27161966  4531.71799856  4553.73252789  4575.59771841
  4596.60688731  4617.59909294  4638.64388151  4659.55487328
  4680.01233442  4700.21662564  4720.44023253  4740.54132431
  4760.44762479  4780.46452025  4800.37082073  4820.36197234
  4840.39832334  4860.3468321   4880.25313258  4900.15943306
  4920.06573354  4939.99211628  4959.89841676  4979.80471725
  4999.71101773  5019.62712826  5039.53342874  5059.48486943
  5079.39287537  5099.30159127  5119.20789176  5139.11419224
  5159.02049272  5178.93488755  5198.86017454  5218.79062666
  5238.70635888  5258.61265936  5278.51895984  5298.42526033
  5318.33156081  5338.23786129  5358.14416177  5378.05046226
  5397.95676274  5417.86306322  5437.76936371  5457.67566419
  5477.63353633  5497.54198253  5517.44828301  5537.3545835
  5557.26088398  5577.20679891  5597.1130994   5617.01939988
  5636.92570036  5656.83200085  5676.73830133  5696.64982089
  5716.55612137  5736.46242186  5756.36872234  5776.27502282
  5796.20084476  5816.10714524  5836.01344572  5855.9197462
  5875.82604669  5895.73234717  5915.63864765  5958.76765029
  6052.86809165  6126.80883141  6184.83667036  6231.95161655
  6272.52627328  6308.7123507   6341.07910862  6371.68104367
  6401.03606025  6428.83622848  6455.17720666  6479.74569665
  6502.85716326  6524.75313808  6545.78567846  6566.34988834
  6586.56411233  6606.47018296  6626.04267611  6645.65672113
  6665.19462951  6684.57517328  6703.91272593  6723.15813675
  6742.41671069  6761.64031917  6780.54394242  6799.25620908
  6818.02892624  6836.82306666  6855.66061743  6874.34308455
  6893.1287708   6911.79059916  6930.49399585  6949.16854698
  6967.82523592  6986.48815886  7005.17572073  7023.83423811
  7042.53271204  7061.28753654  7079.98492121  7098.63589475
  7117.29381544  7135.95547214  7154.65723911  7173.3453354
  7192.05020581  7210.73838801  7229.4519184   7248.11624256
  7266.76866684  7285.41964038  7304.07216362  7322.73565575
  7341.38983375  7360.04080729  7378.69166537  7397.38012844
  7416.10015077  7434.77206975  7453.48116473  7472.13213827
  7490.78311181  7509.43771547  7528.08868901  7546.73966255
  7565.39091233  7584.04188587  7602.6928594   7621.34984636
  7640.0008199   7658.67248288  7677.32345642  7695.97597856
  7714.6269521   7733.35722295  7752.03113817  7770.68416916
  7789.3351427   7808.08705665  7826.73865007  7845.40293397
  7864.06090522  7882.75333961  7901.40431315  7920.05528669
  7938.70626023  7957.35723377  7976.0082073   7994.65918084
  8013.31015438  8031.96112792  8050.61210146  8069.263075
  8087.91404854  8106.56502208  8125.21599562  8143.86696916
  8162.5179427   8181.17388925  8199.82486279  8218.47583633
  8237.13393295  8255.78490649  8274.43588003  8293.08685357
  8311.73782711  8330.38880064  8349.03977418  8367.69074772
  8386.36268221  8405.01365575  8423.68591403  8442.33688757
  8460.98786111  8479.63883465  8498.28980819  8516.94078173
  8535.59175527  8554.26138238  8572.92862779  8591.57991736
  8610.23168795  8628.88266149  8647.53363503  8666.18460857
  8684.83997632  8703.49094986  8722.1419234   8740.79289693
  8759.44387047  8778.09484401  8796.74581755  8815.39679109
  8834.04776463  8852.69873817  8871.37398926  8890.0249628
  8908.67593634  8927.32690988  8945.97788342  8964.62885696
  8983.2798305   9001.93080404  9020.58177758  9039.23275112
  9057.88372466  9076.53469819  9095.18567173  9113.83664527
  9132.48761881  9151.13859235  9169.78956589  9188.44053943
  9207.09151297  9225.74248651  9244.39346005  9263.04443359
  9281.69540713  9300.34638067  9318.99735421  9367.89146122
  9436.54624899  9486.77329752  9526.67904449  9561.68148165
  9592.37973392  9621.9151191   9649.14266192  9674.66103963
  9699.36118917  9723.49299558  9747.82655881  9771.01159208
  9794.04340251  9816.39054969  9838.87826008  9860.88009162
  9883.31763786  9905.28699141  9926.74458806  9948.28402661
  9969.8198329   9991.5554051  10012.88098014 10033.69898239
 10054.83930987 10075.69151661 10096.78582523 10117.52138493
 10138.06493846 10158.67308002 10179.65152046 10200.48471142
 10221.00479493 10240.99787861 10261.16259718 10281.314169
 10301.25240215 10320.92390714 10340.6049635  10360.3043013
 10379.70160795 10398.96259071 10418.15227725 10437.43325221
 10456.43026365 10475.33471521 10494.20723327 10513.03912229
 10531.84912147 10550.53246002 10569.20069204 10587.88704922
 10606.56934215 10625.39923597 10644.12498888 10662.81308669
 10681.54120389 10700.26844906 10718.96735849 10737.69597402
 10756.50258451 10775.22930119 10793.8921343  10812.6293984
 10831.26321178 10849.88888946 10868.6261488  10887.28129603
 10905.96866097 10924.67695038 10943.36380539 10961.97902486
 10980.59547908 10999.20613706 11017.84569265 11036.4920592
 11055.09225722 11073.69236176 11092.29972345 11110.89982799
 11129.50295421 11148.10421329 11166.70652466 11185.31187993
 11203.92917046 11222.56658139 11241.16746502 11259.77359957
 11278.39858259 11297.02089539 11315.64089291 11334.24991292
 11352.85062194 11371.48243943 11390.09197203 11408.69337401
 11427.29376719 11445.89859657 11464.50247125 11483.10789014
 11501.70799468 11520.31238355 11538.91427249 11557.51437703
 11576.11448157 11594.71458611 11613.31661391 11631.91671846
 11650.516823   11669.1174086  11687.71751314 11706.31761768
 11724.92020257 11743.52030711 11762.12315671 11780.73478956
 11799.3358221  11817.94534501 11836.54544955 11855.1455541
 11873.74952795 11892.34963249 11910.97242506 11929.5725296
 11948.17558742 11966.82697244 11985.42843357 12004.02984005
 12022.63178563 12041.23238305 12059.84346683 12078.44357137
 12097.04559455 12115.64789711 12134.24800165 12152.84810619
 12171.44821073 12190.04831528 12208.65991766 12227.26091518
 12245.86101972 12264.46631819 12283.06642273 12301.66652727
 12320.26663182 12338.86683162 12357.46693617 12376.06714897
 12394.67143114 12413.27439505 12431.87449959 12450.49322235
 12469.09448127 12487.69458581 12506.29469035 12524.8947949
 12543.49489944 12562.09500398 12580.69510852 12599.30577474
 12617.9061782  12636.50628274 12655.10638728 12673.70649182
 12692.30659637 12710.90842392 12729.51012268 12748.11182143
 12766.71230884 12785.31441901 12803.91512138 12822.51541736
 12841.11628763 12859.71639217 12878.31649672 12896.91660126
 12915.5167058 ]
measure:regret, alg:empMOSS++ (ours), ave:
[   0.          115.78723323  231.53373779  347.30433724  463.2984312
  579.12358417  688.01879566  796.42687777  903.56573732 1003.8611565
 1099.8341699  1212.92255531 1317.43572588 1424.3180093  1478.51104915
 1479.63577759 1542.11640135 1636.84784673 1740.80502355 1833.19865064
 1923.79912344 2021.96544993 2067.90029975 2069.2569806  2070.17959054
 2071.10064189 2071.97041685 2072.69950032 2073.38235203 2074.11121236
 2074.82411016 2075.35005958 2075.94422897 2076.44133401 2076.93843906
 2077.43554411 2085.28377641 2167.62886192 2248.36516534 2333.6100802
 2371.53843675 2373.05382189 2373.81204607 2374.59823509 2375.44850666
 2376.29953664 2377.09279189 2377.95119996 2378.76350728 2379.54276452
 2380.3427939  2381.10136034 2381.67099275 2382.16809779 2382.66520284
 2383.16230788 2383.65941293 2384.15651798 2384.65362302 2385.15072807
 2385.68712092 2386.20997312 2386.72437208 2387.22147713 2387.71858217
 2388.21568722 2388.71279226 2389.2092613  2389.73577081 2390.36761486
 2390.87331021 2391.37041525 2391.8675203  2392.36462534 2392.86173039
 2393.35883543 2393.85594048 2395.81880365 2445.40247865 2501.9727903
 2550.95410415 2585.85973332 2590.79469352 2591.5251662  2592.10171874
 2592.78402272 2593.38336367 2593.95131517 2594.50481472 2595.10259583
 2595.6831368  2596.32432622 2597.04387012 2597.66396509 2598.24443854
 2598.81109201 2599.40458961 2599.88922457 2600.37385953 2600.85849449
 2601.34312945 2601.8277644  2602.31239936 2602.79703432 2603.32827489
 2603.85210207 2604.33673703 2604.9226653  2605.40730026 2605.89193522
 2606.37657018 2606.86120514 2607.34584009 2607.83047505 2608.31829396
 2608.87554476 2609.36017972 2609.84481467 2610.32944963 2610.85685539
 2611.37929903 2611.90690325 2612.40329244 2612.8879274  2613.37256236
 2613.85719732 2614.34183227 2614.82646723 2615.31110219 2615.79573715
 2616.28037211 2616.76500706 2617.250772   2617.73540696 2618.22210343
 2618.70673839 2619.19137335 2619.67600831 2620.17556724 2620.67202694
 2621.1566619  2621.64129686 2622.12593181 2622.61480356 2623.09956321
 2623.58419817 2624.06883313 2624.55346809 2625.03810305 2625.5460351
 2626.05510479 2626.53973975 2627.02437471 2627.50900967 2627.99364463
 2628.47827958 2628.96291454 2629.4475495  2629.93218446 2631.08785624
 2634.78638858 2653.64877505 2674.19975375 2690.43101796 2704.84225047
 2718.01021701 2729.46905991 2739.83995048 2750.35605018 2758.65894347
 2764.34175274 2766.27535885 2766.95806002 2767.51880622 2768.07723371
 2768.621289   2769.21193035 2769.8400898  2770.36011425 2770.91033351
 2771.46671492 2772.02023462 2772.62585717 2773.26347212 2773.82378358
 2774.3330905  2774.95349732 2775.53101695 2776.14828531 2776.70191053
 2777.30821403 2777.89843255 2778.42335066 2778.9741632  2779.48016789
 2780.00858226 2780.54935461 2781.04823442 2781.53286937 2782.0296407
 2782.51578032 2783.00073038 2783.5304575  2784.03529761 2784.51993257
 2785.00456752 2785.48920248 2785.97383744 2786.4584724  2786.96828645
 2787.46803241 2787.95266737 2788.46484874 2788.94948369 2789.43411865
 2789.91875361 2790.40338857 2790.88802352 2791.37265848 2791.85729344
 2792.3419284  2792.82656336 2793.31119831 2793.79583327 2794.28046823
 2794.76510319 2795.24973815 2795.7343731  2796.21900806 2796.70364302
 2797.18827798 2797.67291294 2798.15754789 2798.64218285 2799.12681781
 2799.61145277 2800.09608773 2800.58072268 2801.06535764 2801.5499926
 2802.03462756 2802.51926251 2803.00389747 2803.48853243 2803.97316739
 2804.45780235 2804.9424373  2805.42707226 2805.91170722 2806.39634218
 2806.88097714 2807.36561209 2807.85024705 2808.33488201 2808.81951697
 2809.30415193 2809.78878688 2810.27342184 2810.7580568  2811.24269176
 2811.72732672 2812.21196167 2812.69659663 2813.18123159 2813.67449478
 2814.17318717 2814.67029221 2815.16739726 2815.6645023  2816.16160735
 2816.65871239 2817.15581744 2817.65292248 2818.15002753 2818.64713258
 2819.14423762 2819.64134267 2820.13844771 2820.63555276 2821.1326578
 2821.62976285 2822.12686789 2822.62397294 2823.12107798 2823.61818303
 2824.11528808 2824.61239312 2825.10949817 2825.60660321 2826.10370826
 2826.6008133  2827.09791835 2827.59502339 2828.09212844 2828.58923348
 2829.08633853 2829.58344358 2830.08054862 2830.57765367 2831.07475871
 2831.57186376 2832.0689688  2832.56607385 2833.06317889 2833.56028394
 2834.05738899 2834.55449403 2835.05159908 2835.54870412 2836.04580917
 2836.54291421 2837.04001926 2837.5371243  2838.03422935 2838.53133439
 2839.02843944 2839.52554449 2840.02264953 2840.51975458 2841.01685962
 2841.51396467 2842.01106971 2842.50817476 2843.35724688 2844.65427711
 2845.97717693 2847.66325009 2849.19603787 2851.52659923 2856.15931099
 2860.67531492 2865.62880649 2869.51718663 2873.24875121 2876.92785704
 2880.79995753 2884.32860696 2887.88268322 2891.21089558 2894.79842987
 2898.28646675 2901.48265878 2904.90247897 2908.19216834 2911.26677936
 2914.33500903 2917.56279135 2920.64990855 2923.7139268  2926.89648829
 2930.002675   2933.17338405 2936.39217476 2939.11269746 2941.66078901
 2943.61930159 2944.70893833 2945.35186829 2945.78946211 2946.22296638
 2946.65647066 2947.08997493 2947.5234792  2947.95698348 2948.39048775
 2948.82399202 2949.2574963  2949.69100057 2950.12450484 2950.55800912
 2950.99151339 2951.42501767 2951.85852194 2952.29202621 2952.72553049
 2953.15903476 2953.59253903 2954.02604331 2954.45954758 2954.89305185
 2955.32655613 2955.7600604  2956.19356467 2956.62706895 2957.06057322
 2957.49407749 2957.92758177 2958.36108604 2958.79459031 2959.22809459
 2959.66159886 2960.09510314 2960.52860741 2960.96211168 2961.39561596
 2961.82912023 2962.2626245  2962.69612878 2963.12963305 2963.56313732
 2963.9966416  2964.43014587 2964.86365014 2965.29715442 2965.73065869
 2966.16416296 2966.59766724 2967.03117151 2967.46467578 2967.89818006
 2968.33168433 2968.76518861 2969.19869288 2969.63219715 2970.06570143
 2970.4992057  2970.93270997 2971.36621425 2971.79971852 2972.23322279
 2972.66672707 2973.10023134 2973.53373561 2973.96723989 2974.40074416
 2974.83424843 2975.26775271 2975.70125698 2976.13476126 2976.56826553
 2977.0017698  2977.43527408 2977.86877835 2978.30228262 2978.7357869
 2979.16929117 2979.60279544 2980.03629972 2980.46980399 2980.90330826
 2981.33681254 2981.77031681 2982.20382108 2982.63732536 2983.07082963
 2983.5043339  2983.93783818 2984.37134245 2984.80484673 2985.238351
 2985.67185527 2986.10535955 2986.53886382 2986.97236809 2987.40587237
 2987.83937664 2988.27288091 2988.70638519 2989.13988946 2989.57339373
 2990.00689801 2990.44040228 2990.87390655 2991.30741083 2991.7409151
 2992.17441937 2992.60792365 2993.04142792 2993.4749322  2993.90843647
 2994.34194074 2994.77544502 2995.20894929 2995.64245356 2996.07595784
 2996.50946211 2996.94296638 2997.37647066 2997.80997493 2998.2434792
 2998.67698348 2999.11048775 2999.54399202 2999.9774963  3000.41100057
 3000.84450484 3001.27800912 3001.71151339 3002.14501767 3002.57852194
 3003.01202621 3003.44553049 3003.87903476 3004.31253903 3004.74604331
 3005.17954758 3005.61305185 3006.04655613 3006.4800604  3006.91356467
 3007.34706895]
measure:final_extra, alg:MOSS, ave:
0.0
measure:final_extra, alg:MOSS Oracle, ave:
0.0
measure:final_extra, alg:Quantile, ave:
0.0
measure:final_extra, alg:Parallel (ours), ave:
0.0
measure:final_extra, alg:MOSS++ (ours), ave:
[0.42194699 0.59147167 0.74537632 0.83357923 0.87212394 0.89625637
 0.         0.         0.        ]
measure:final_extra, alg:empMOSS++ (ours), ave:
[0.42086112 0.5669503  0.85398336 0.96139582 0.98559402 0.99351485
 0.         0.         0.        ]
measure:regret, alg:MOSS, std:
[ 0.          0.39972905  0.60640376  0.74836208  0.87022635  0.94442567
  0.92900326  1.00425619  1.07283982  1.17408782  1.18576172  1.26005915
  1.23623224  1.25085083  1.25160054  1.23394448  1.31925697  1.30403643
  1.42697743  1.40991465  1.42820499  1.43361945  1.43314864  1.42297684
  1.5257578   1.56045311  1.58479013  1.58826766  1.5581334   1.54617074
  1.47146549  1.39900128  1.37869104  1.33507029  1.34270227  1.31417639
  1.31023736  1.28099965  1.26147734  1.27469464  1.28615002  1.35601664
  1.22001949  1.21988975  1.11821723  1.09519021  0.95318206  0.86392758
  0.67450809  0.41650106  0.17186987  0.36347954  0.5655188   0.74889666
  0.93149049  0.98383868  1.0311055   1.08849915  1.14250733  1.22340276
  1.27153625  1.27795855  1.37471892  1.3136294   1.38025456  1.48371866
  1.45762105  1.50032935  1.44149695  1.42369214  1.43731414  1.46328772
  1.76803953  1.92952495  1.99723936  2.07446828  2.23771933  2.31510795
  2.45230911  2.53448028  2.62500258  2.99709201  3.31461112  3.47213792
  3.55003409  3.57404819  2.87148357  2.90148774  2.90431943  2.83693887
  2.81662046  2.84868228  2.8290217   2.86622142  2.85701668  2.83172939
  2.70806754  2.66063906  2.671299    2.60834307  2.61903042  2.58415155
  2.55349311  2.45881486  2.45014437  2.43638904  2.42907028  2.39174067
  2.41627698  2.36439646  2.26006386  2.24818631  2.1419858   2.06718492
  2.03167279  2.30840151  2.72974243  2.70013582  2.38410731  2.42073719
  2.39418509  2.35574461  2.32438334  2.31858151  2.30627795  2.39161012
  2.37783814  2.3571122   2.32220776  2.32508724  2.30195041  2.38515583
  2.31791399  2.36000973  2.37805353  2.36658037  2.30793802  2.35116837
  2.30306425  2.26024331  2.27564356  3.86966625  2.78887572  2.39539028
  2.41595168  2.4392815   2.45478171  2.46252161  2.49949486  2.56119546
  2.57921272  2.59395935  2.60314955  2.63643364  2.68231952  2.67279873
  3.2441615   5.72717391  3.35953706  3.13499658  3.18228982  3.23354675
  3.27995695  3.32992128  3.34458066  3.42732422  4.78652034  5.99139798
  3.90893814  3.94188778  3.99129009  4.19116259  5.63711892  6.43432251
  4.81296197  4.83262935  6.8793862   6.66632143  5.98397492  7.70692258
 13.74126093 19.45534234 21.49062721 21.97835233 22.14882135 22.20835738
 22.23039701 22.23971248 22.24270699 22.24335868 22.24335868 22.24335868
 22.24335868 22.24335868 22.24335868 22.24335868 22.24335868 22.24335868
 22.24335868 22.24335868 22.24335868 22.24335868 22.24335868 22.24335868
 22.24335868 22.24335868 22.24335868 22.24335868 22.24335868 22.24335868
 22.24335868 22.24335868 22.24335868 22.24335868 22.24335868 22.24335868
 22.24335868 22.24335868 22.24335868 22.24335868 22.24335868 22.24335868
 22.24335868 22.24335868 22.24335868 22.24335868 22.24335868 22.24335868
 22.24335868 22.24335868 22.24335868 22.24335868 22.24335868 22.24335868
 22.24335868 22.24335868 22.24335868 22.24335868 22.24335868 22.24335868
 22.24335868 22.24335868 22.24335868 22.24335868 22.24335868 22.24335868
 22.24335868 22.24335868 22.24335868 22.24335868 22.24335868 22.24335868
 22.24335868 22.24335868 22.24335868 22.24335868 22.24335868 22.24335868
 22.24335868 22.24335868 22.24335868 22.24335868 22.24335868 22.24335868
 22.24335868 22.24335868 22.24335868 22.24335868 22.24335868 22.24335868
 22.24335868 22.24335868 22.24335868 22.24335868 22.24335868 22.24335868
 22.24335868 22.24335868 22.24335868 22.24335868 22.24335868 22.24335868
 22.24335868 22.24335868 22.24335868 22.24335868 22.24335868 22.24335868
 22.24335868 22.24335868 22.24335868 22.24335868 22.24335868 22.24335868
 22.24335868 22.24335868 22.24335868 22.24335868 22.24335868 22.24335868
 22.24335868 22.24335868 22.24335868 22.24335868 22.24335868 22.24335868
 22.24335868 22.24335868 22.24335868 22.24335868 22.24335868 22.24335868
 22.24335868 22.24335868 22.24335868 22.24335868 22.24335868 22.24335868
 22.24335868 22.24335868 22.24335868 22.24335868 22.24335868 22.24335868
 22.24335868 22.24335868 22.24335868 22.24335868 22.24335868 22.24335868
 22.24335868 22.24335868 22.24335868 22.24335868 22.24335868 22.24335868
 22.24335868 22.24335868 22.24335868 22.24335868 22.24335868 22.24335868
 22.24335868 22.24335868 22.24335868 22.24335868 22.24335868 22.24335868
 22.24335868 22.24335868 22.24335868 22.24335868 22.24335868 22.24335868
 22.24335868 22.24335868 22.24335868 22.24335868 22.24335868 22.24335868
 22.24335868 22.24335868 22.24335868 22.24335868 22.24335868 22.24335868
 22.24335868 22.24335868 22.24335868 22.24335868 22.24335868 22.24335868
 22.24335868 22.24335868 22.24335868 22.24335868 22.24335868 22.24335868
 22.24335868 22.24335868 22.24335868 22.24335868 22.24335868 22.24335868
 22.24335868 22.24335868 22.24335868 22.24335868 22.24335868 22.24335868
 22.24335868 22.24335868 22.24335868 22.24335868 22.24335868 22.24335868
 22.24335868 22.24335868 22.24335868 22.24335868 22.24335868 22.24335868
 22.24335868 22.24335868 22.24335868 22.24335868 22.24335868 22.24335868
 22.24335868 22.24335868 22.24335868 22.24335868 22.24335868 22.24335868
 22.24335868 22.24335868 22.24335868 22.24335868 22.24335868 22.24335868
 22.24335868 22.24335868 22.24335868 22.24335868 22.24335868 22.24335868
 22.24335868 22.24335868 22.24335868 22.24335868 22.24335868 22.24335868
 22.24335868 22.24335868 22.24335868 22.24335868 22.24335868 22.24335868
 22.24335868 22.24335868 22.24335868 22.24335868 22.24335868 22.24335868
 22.24335868 22.24335868 22.24335868 22.24335868 22.24335868 22.24335868
 22.24335868 22.24335868 22.24335868 22.24335868 22.24335868 22.24335868
 22.24335868 22.24335868 22.24335868 22.24335868 22.24335868 22.24335868
 22.24335868 22.24335868 22.24335868 22.24335868 22.24335868 22.24335868
 22.24335868 22.24335868 22.24335868 22.24335868 22.24335868 22.24335868
 22.24335868 22.24335868 22.24335868 22.24335868 22.24335868 22.24335868
 22.24335868 22.24335868 22.24335868 22.24335868 22.24335868 22.24335868
 22.24335868 22.24335868 22.24335868 22.24335868 22.24335868 22.24335868
 22.24335868 22.24335868 22.24335868 22.24335868 22.24335868 22.24335868
 22.24335868 22.24335868 22.24335868]
measure:regret, alg:MOSS Oracle, std:
[ 0.          0.4241906   0.53857847  0.64947757  0.77175158  0.82745668
  1.03952776  1.32863165  1.49835315  1.99935351  2.04371898  2.10384023
  2.1323145   2.78614853  2.84265634  2.78489678  3.12763576  3.36992034
  3.60106228  4.10275856  5.63547574  5.38686649  5.84778151  6.22667461
  6.39764861  6.02397502  6.00612945  6.14203481  6.10793042  6.52942293
  8.73515769 10.62159892 11.19849611 11.16133335 12.05181688 11.42107479
 13.45194674 14.2672817  12.38087445 14.62506553 18.08561437 21.31399314
 21.95685704 20.08036818 20.29987625 21.43133325 22.36188046 22.9451613
 25.10766751 23.38688461 18.45275306 17.03711259 17.42374472 17.92662521
 18.12188176 18.12188176 18.12188176 18.12188176 18.12188176 18.12188176
 18.12188176 18.12188176 18.12188176 18.12188176 18.12188176 18.12188176
 18.12188176 18.12188176 18.12188176 18.12188176 18.12188176 18.12188176
 18.12188176 18.12188176 18.12188176 18.12188176 18.12188176 18.12188176
 18.12188176 18.12188176 18.12188176 18.12188176 18.12188176 18.12188176
 18.12188176 18.12188176 18.12188176 18.12188176 18.12188176 18.12188176
 18.12188176 18.12188176 18.12188176 18.12188176 18.12188176 18.12188176
 18.12188176 18.12188176 18.12188176 18.12188176 18.12188176 18.12188176
 18.12188176 18.12188176 18.12188176 18.12188176 18.12188176 18.12188176
 18.12188176 18.12188176 18.12188176 18.12188176 18.12188176 18.12188176
 18.12188176 18.12188176 18.12188176 18.12188176 18.12188176 18.12188176
 18.12188176 18.12188176 18.12188176 18.12188176 18.12188176 18.12188176
 18.12188176 18.12188176 18.12188176 18.12188176 18.12188176 18.12188176
 18.12188176 18.12188176 18.12188176 18.12188176 18.12188176 18.12188176
 18.12188176 18.12188176 18.12188176 18.12188176 18.12188176 18.12188176
 18.12188176 18.12188176 18.12188176 18.12188176 18.12188176 18.12188176
 18.12188176 18.12188176 18.12188176 18.12188176 18.12188176 18.12188176
 18.12188176 18.12188176 18.12188176 18.12188176 18.12188176 18.12188176
 18.12188176 18.12188176 18.12188176 18.12188176 18.12188176 18.12188176
 18.12188176 18.12188176 18.12188176 18.12188176 18.12188176 18.12188176
 18.12188176 18.12188176 18.12188176 18.12188176 18.12188176 18.12188176
 18.12188176 18.12188176 18.12188176 18.12188176 18.12188176 18.12188176
 18.12188176 18.12188176 18.12188176 18.12188176 18.12188176 18.12188176
 18.12188176 18.12188176 18.12188176 18.12188176 18.12188176 18.12188176
 18.12188176 18.12188176 18.12188176 18.12188176 18.12188176 18.12188176
 18.12188176 18.12188176 18.12188176 18.12188176 18.12188176 18.12188176
 18.12188176 18.12188176 18.12188176 18.12188176 18.12188176 18.12188176
 18.12188176 18.12188176 18.12188176 18.12188176 18.12188176 18.12188176
 18.12188176 18.12188176 18.12188176 18.12188176 18.12188176 18.12188176
 18.12188176 18.12188176 18.12188176 18.12188176 18.12188176 18.12188176
 18.12188176 18.12188176 18.12188176 18.12188176 18.12188176 18.12188176
 18.12188176 18.12188176 18.12188176 18.12188176 18.12188176 18.12188176
 18.12188176 18.12188176 18.12188176 18.12188176 18.12188176 18.12188176
 18.12188176 18.12188176 18.12188176 18.12188176 18.12188176 18.12188176
 18.12188176 18.12188176 18.12188176 18.12188176 18.12188176 18.12188176
 18.12188176 18.12188176 18.12188176 18.12188176 18.12188176 18.12188176
 18.12188176 18.12188176 18.12188176 18.12188176 18.12188176 18.12188176
 18.12188176 18.12188176 18.12188176 18.12188176 18.12188176 18.12188176
 18.12188176 18.12188176 18.12188176 18.12188176 18.12188176 18.12188176
 18.12188176 18.12188176 18.12188176 18.12188176 18.12188176 18.12188176
 18.12188176 18.12188176 18.12188176 18.12188176 18.12188176 18.12188176
 18.12188176 18.12188176 18.12188176 18.12188176 18.12188176 18.12188176
 18.12188176 18.12188176 18.12188176 18.12188176 18.12188176 18.12188176
 18.12188176 18.12188176 18.12188176 18.12188176 18.12188176 18.12188176
 18.12188176 18.12188176 18.12188176 18.12188176 18.12188176 18.12188176
 18.12188176 18.12188176 18.12188176 18.12188176 18.12188176 18.12188176
 18.12188176 18.12188176 18.12188176 18.12188176 18.12188176 18.12188176
 18.12188176 18.12188176 18.12188176 18.12188176 18.12188176 18.12188176
 18.12188176 18.12188176 18.12188176 18.12188176 18.12188176 18.12188176
 18.12188176 18.12188176 18.12188176 18.12188176 18.12188176 18.12188176
 18.12188176 18.12188176 18.12188176 18.12188176 18.12188176 18.12188176
 18.12188176 18.12188176 18.12188176 18.12188176 18.12188176 18.12188176
 18.12188176 18.12188176 18.12188176 18.12188176 18.12188176 18.12188176
 18.12188176 18.12188176 18.12188176 18.12188176 18.12188176 18.12188176
 18.12188176 18.12188176 18.12188176 18.12188176 18.12188176 18.12188176
 18.12188176 18.12188176 18.12188176 18.12188176 18.12188176 18.12188176
 18.12188176 18.12188176 18.12188176 18.12188176 18.12188176 18.12188176
 18.12188176 18.12188176 18.12188176 18.12188176 18.12188176 18.12188176
 18.12188176 18.12188176 18.12188176 18.12188176 18.12188176 18.12188176
 18.12188176 18.12188176 18.12188176 18.12188176 18.12188176 18.12188176
 18.12188176 18.12188176 18.12188176 18.12188176 18.12188176 18.12188176
 18.12188176 18.12188176 18.12188176 18.12188176 18.12188176 18.12188176
 18.12188176 18.12188176 18.12188176 18.12188176 18.12188176 18.12188176
 18.12188176 18.12188176 18.12188176 18.12188176 18.12188176 18.12188176
 18.12188176 18.12188176 18.12188176 18.12188176 18.12188176 18.12188176
 18.12188176 18.12188176 18.12188176 18.12188176 18.12188176 18.12188176
 18.12188176 18.12188176 18.12188176 18.12188176 18.12188176 18.12188176
 18.12188176 18.12188176 18.12188176 18.12188176 18.12188176 18.12188176
 18.12188176 18.12188176 18.12188176 18.12188176 18.12188176 18.12188176
 18.12188176 18.12188176 18.12188176 18.12188176 18.12188176 18.12188176
 18.12188176 18.12188176 18.12188176 18.12188176 18.12188176 18.12188176
 18.12188176 18.12188176 18.12188176 18.12188176 18.12188176 18.12188176
 18.12188176 18.12188176 18.12188176 18.12188176 18.12188176 18.12188176
 18.12188176 18.12188176 18.12188176 18.12188176 18.12188176 18.12188176
 18.12188176 18.12188176 18.12188176]
measure:regret, alg:Quantile, std:
[   0.            4.23367934    8.75950796   12.93408615   18.21704006
   23.36279297   27.76906857   33.07613687   38.17202258   43.23111087
   48.28827542   52.47320956   58.16724434   63.71930976   69.21345043
   74.65578882   80.16029221   85.70475426   91.29285092   96.909831
  102.53375532  106.77308086  112.54790305  118.30235076  124.02753921
  129.58142365  135.07562638  140.59276348  146.07779791  151.58400605
  157.11117791  162.65182031  168.20426503  173.77221306  179.38830646
  185.02948803  190.65467542  196.27507294  201.91700391  207.56101335
  213.22139783  218.62313638  222.48278165  228.73352257  234.74382988
  240.61996862  246.39791506  252.06184639  257.66515098  263.20383235
  268.7300565   274.257116    279.81751369  285.40147102  291.04884309
  296.66001513  302.28670811  307.90983818  313.54258609  319.21388572
  324.88523314  330.55153809  336.23295206  341.92073993  347.61778586
  353.33389428  359.05023804  364.77799731  370.51208099  376.25680136
  382.00307176  387.76134017  393.52154602  399.29110477  405.07674264
  410.86512239  416.66710727  422.47089541  428.26822343  434.07643579
  439.88714038  445.6991399   450.98892315  453.05049573  458.56246906
  464.04804172  469.31934827  474.47673671  479.56359679  484.7003195
  489.80332642  494.91178822  499.89926257  504.89993925  509.87703031
  514.86762916  519.85985431  524.8827601   529.89203638  534.9183719
  539.96584837  545.03814778  550.12476647  555.21882254  560.32872074
  565.45992539  570.61966251  575.77841069  580.95598265  586.1465988
  591.35701829  596.58158778  601.82416777  607.0794246   612.35812151
  617.63921128  622.94877216  628.27444178  633.58921449  638.92854225
  644.26594152  649.61524183  654.97731001  660.35092384  665.73701261
  671.14332688  676.55725527  681.98005026  687.40395948  692.83583171
  698.27760155  703.7320679   709.19442711  714.66412109  720.14103579
  725.63632156  731.14230131  736.64541184  742.16390299  747.6800585
  753.20391022  758.73856275  764.27726764  769.82234267  775.38304157
  780.95897814  786.52325904  792.09585605  797.6781443   803.26184248
  808.85032605  814.44460754  820.04456828  825.65009271  831.26106829
  836.87859292  842.50015682  848.12882418  853.76056759  859.40574157
  865.04761996  870.69385715  876.3442259   882.00001233  886.65694675
  889.684682    896.24069871  902.71411214  908.80956615  914.85324545
  920.48952311  926.23938676  931.87441011  937.39605826  942.96214337
  948.46470819  953.91628169  959.35865706  964.77034072  970.21107248
  975.61007309  980.99627361  986.39381628  991.81529497  997.23001347
 1002.65189784 1008.12098705 1013.57050691 1019.01105759 1024.44386308
 1029.87915183 1035.31354969 1040.7500011  1046.18944789 1051.64045149
 1057.10492488 1062.56112384 1068.02621173 1073.49059163 1078.95974706
 1084.43372111 1089.91783996 1095.39847537 1100.88087561 1106.37180712
 1111.86710835 1117.36538044 1122.86995568 1128.37963089 1133.89209005
 1139.40897147 1144.93049947 1150.45327408 1155.98460259 1161.51865302
 1167.05691578 1172.60014722 1178.14720606 1183.69814849 1189.25341973
 1194.80992819 1200.37127423 1205.93798826 1211.50671677 1217.08797433
 1222.66364241 1228.24487163 1233.83080635 1239.41664034 1245.00577082
 1250.59896148 1256.19609632 1261.79443167 1267.39631758 1273.00213065
 1278.61860179 1284.23681164 1289.85084084 1295.46795873 1301.08777789
 1306.71342141 1312.34116197 1317.97162701 1323.60308519 1329.23964872
 1334.88939275 1340.52934044 1346.17126638 1351.81563549 1357.46239221
 1363.11408499 1368.76857186 1374.42374583 1380.08066187 1385.74629906
 1391.41067715 1397.07614502 1402.74299297 1408.41216566 1414.08260227
 1419.7545247  1425.42827377 1431.10603722 1436.78373115 1442.46420596
 1448.15169513 1453.83689847 1459.52150456 1465.20768689 1470.90632735
 1476.59661742 1482.28950732 1487.98351872 1493.6802115  1499.38067231
 1505.08247309 1510.78490393 1516.48891772 1522.19636954 1527.9048685
 1533.61576609 1539.32710372 1545.03920446 1550.7540643  1556.47673028
 1562.19387279 1567.91327469 1573.63370248 1579.35577781 1585.07951893
 1590.80499767 1596.53178798 1602.26148353 1607.99246957 1613.72403472
 1619.45698199 1625.19301857 1630.93017481 1636.67015846 1642.41158199
 1648.15798636 1653.89936193 1659.64279115 1665.38691877 1671.13283635
 1676.88442928 1682.63499581 1688.38449708 1694.13526281 1699.88835726
 1705.64345699 1711.40030814 1717.15897679 1722.91795204 1728.68954228
 1734.45242153 1740.21562769 1745.9778351  1751.74144354 1757.50590303
 1763.27171069 1769.03823641 1774.80607116 1780.57511307 1786.3449967
 1792.11597806 1797.88804658 1803.66119183 1807.49002993 1810.66634325
 1818.17504937 1824.95417431 1831.3444968  1837.49517716 1843.53151938
 1849.42502294 1855.17634092 1860.89523978 1866.59840861 1872.38187593
 1878.08959155 1883.7608099  1889.4020531  1895.07018737 1900.6937344
 1906.23769753 1911.78418306 1917.33122279 1922.90695519 1928.47024518
 1934.02634158 1939.57465428 1945.11481158 1950.66685819 1956.21240856
 1961.75942316 1967.32647218 1972.88280904 1978.44262775 1984.00377209
 1989.55971073 1995.11622099 2000.68629373 2006.25150799 2011.82623739
 2017.38639464 2022.94891177 2028.51863191 2034.07497388 2039.63761791
 2045.20095931 2050.76770304 2056.33248009 2061.89855718 2067.46695447
 2073.03553513 2078.60749057 2084.18641298 2089.7640537  2095.34102038
 2100.92728787 2106.5059016  2112.08823241 2117.67063786 2123.25281252
 2128.84337848 2134.43136137 2140.03169563 2145.61716681 2151.20652625
 2156.80232823 2162.40465981 2168.00344122 2173.60103347 2179.20190536
 2184.80327918 2190.40501393 2196.00845528 2201.61491712 2207.22095882
 2212.83957551 2218.45122089 2224.06335921 2229.67496786 2235.28765861
 2240.90377691 2246.52139598 2252.14001657 2257.75841266 2263.37846511
 2269.00043574 2274.6248066  2280.24843204 2285.87334091 2291.49952377
 2297.12796331 2302.7560685  2308.38601789 2314.01700776 2319.64942267
 2325.28495765 2330.92083108 2336.55817456 2342.1984705  2347.83689906
 2353.4772838  2359.12589468 2364.76785767 2370.41255144 2376.05630915
 2381.70188826 2387.34837756 2392.99598517 2398.64470317 2404.29753622
 2409.94884344 2415.60084634 2421.25466677 2426.90884944 2432.56534348
 2438.22162006 2443.87902955 2449.53675204 2455.19589715 2460.85642231
 2466.5178763  2472.1807011  2477.84417638 2483.51038497 2489.17585453
 2494.84231067 2500.5097467  2506.17815596 2511.84761397 2517.51834615
 2523.18963671 2528.8618745  2534.5351712  2540.20935849 2545.88328092
 2551.55928154 2557.23699628 2562.91478764 2568.59266853 2574.27205501
 2579.95254088 2585.6339128  2591.3169897  2597.0001165  2602.68418364
 2608.36927295 2614.05597766 2619.74254587 2625.42996037 2631.11821567
 2636.81191358 2642.50183499 2648.19258102 2653.88453817 2659.57691764
 2665.27008729 2670.96407929 2676.65854086 2682.35412471 2688.05083748
 2693.74828902 2699.44633401 2705.14504295 2710.84462312 2716.54510303
 2722.24595607 2727.94800588 2733.65209908 2739.35578616 2745.05906123
 2750.7637853  2756.46924039 2762.17542198 2767.88232557 2773.58994671
 2779.30760043]
measure:regret, alg:Parallel (ours), std:
[0.00000000e+00 1.25303334e+00 2.61974750e+00 3.34511455e+00
 3.72756613e+00 4.72069735e+00 4.97884058e+00 5.10651990e+00
 5.32887304e+00 5.42071460e+00 5.56704006e+00 5.65210958e+00
 5.82005501e+00 6.27240727e+00 6.28692672e+00 6.31337264e+00
 6.39522784e+00 6.33673155e+00 6.34225573e+00 6.57160758e+00
 1.25127442e+01 1.90552179e+01 2.55770966e+01 3.18491000e+01
 3.82674985e+01 4.44626302e+01 5.10671787e+01 5.79938718e+01
 6.49770533e+01 7.20407816e+01 7.92013687e+01 8.63906609e+01
 9.35854362e+01 1.00659383e+02 1.07072798e+02 1.13202597e+02
 1.19594214e+02 1.26492318e+02 1.33723802e+02 1.39524467e+02
 1.45660507e+02 1.52295750e+02 1.59615580e+02 1.67171775e+02
 1.75009545e+02 1.83254542e+02 1.91791400e+02 2.00669582e+02
 2.09218638e+02 2.17487403e+02 2.25743931e+02 2.33939483e+02
 2.41777780e+02 2.50370910e+02 2.59280179e+02 2.67920062e+02
 2.76969027e+02 2.86342301e+02 2.92999102e+02 2.99735830e+02
 3.07281318e+02 3.15380978e+02 3.23723692e+02 3.32816412e+02
 3.41925326e+02 3.51191781e+02 3.60742277e+02 3.70730041e+02
 3.80917517e+02 3.90833492e+02 4.01036348e+02 4.11734680e+02
 4.22576518e+02 4.33644388e+02 4.44554553e+02 4.55360154e+02
 4.66051908e+02 4.74962833e+02 4.83529452e+02 4.91714729e+02
 5.00227723e+02 5.08748786e+02 5.17328129e+02 5.26533794e+02
 5.35634613e+02 5.45902825e+02 5.56531834e+02 5.67406525e+02
 5.78506722e+02 5.89713169e+02 6.00729603e+02 6.11484557e+02
 6.21959727e+02 6.32694357e+02 6.43450468e+02 6.54257268e+02
 6.64729016e+02 6.75079879e+02 6.85190367e+02 6.94688667e+02
 7.03837448e+02 7.12219795e+02 7.20663280e+02 7.29079765e+02
 7.37241773e+02 7.45390332e+02 7.53702397e+02 7.62006208e+02
 7.70444336e+02 7.78995495e+02 7.87572157e+02 7.96214825e+02
 8.04932700e+02 8.13779683e+02 8.22770223e+02 8.31385585e+02
 8.39932163e+02 8.48252036e+02 8.56607030e+02 8.64747655e+02
 8.72511325e+02 8.80720400e+02 8.89181363e+02 8.97623911e+02
 9.06278571e+02 9.15369467e+02 9.24460349e+02 9.33701629e+02
 9.42918100e+02 9.52513020e+02 9.62612317e+02 9.72832453e+02
 9.83082764e+02 9.93605708e+02 1.00418240e+03 1.01471270e+03
 1.02497511e+03 1.03490104e+03 1.04475466e+03 1.05418774e+03
 1.06352378e+03 1.07246655e+03 1.08189375e+03 1.09119062e+03
 1.10040926e+03 1.11014614e+03 1.11983419e+03 1.12978125e+03
 1.14014785e+03 1.15076797e+03 1.16164207e+03 1.17255311e+03
 1.18347817e+03 1.19404325e+03 1.20470269e+03 1.21557807e+03
 1.22671600e+03 1.23798548e+03 1.24853033e+03 1.25920741e+03
 1.26995032e+03 1.28014426e+03 1.29057997e+03 1.30109148e+03
 1.31095369e+03 1.32100232e+03 1.33079050e+03 1.34093216e+03
 1.35114644e+03 1.36212877e+03 1.37330814e+03 1.38469655e+03
 1.39593343e+03 1.40700353e+03 1.41789797e+03 1.42912477e+03
 1.44054418e+03 1.45191679e+03 1.46341611e+03 1.47480637e+03
 1.48535446e+03 1.49607847e+03 1.50699058e+03 1.51766414e+03
 1.52829510e+03 1.53901727e+03 1.54967747e+03 1.55990113e+03
 1.57009044e+03 1.58023950e+03 1.59053998e+03 1.60135744e+03
 1.61233816e+03 1.62324405e+03 1.63469023e+03 1.64640077e+03
 1.65755415e+03 1.66882817e+03 1.68001424e+03 1.69114961e+03
 1.70206498e+03 1.71337387e+03 1.72396624e+03 1.73389584e+03
 1.74431255e+03 1.75398230e+03 1.76320427e+03 1.77062163e+03
 1.77774169e+03 1.78417765e+03 1.79048103e+03 1.79617641e+03
 1.80015884e+03 1.80471101e+03 1.80925729e+03 1.81407437e+03
 1.81842175e+03 1.82235451e+03 1.82584222e+03 1.82898652e+03
 1.83195599e+03 1.83460607e+03 1.83692484e+03 1.83946084e+03
 1.84182926e+03 1.84388333e+03 1.84600018e+03 1.84825065e+03
 1.85074308e+03 1.85316371e+03 1.85538640e+03 1.85716448e+03
 1.85918605e+03 1.86141281e+03 1.86369218e+03 1.86608161e+03
 1.86840805e+03 1.87103781e+03 1.87364366e+03 1.87587022e+03
 1.87808295e+03 1.88023662e+03 1.88296585e+03 1.88543923e+03
 1.88779490e+03 1.89014869e+03 1.89246297e+03 1.89462974e+03
 1.89675904e+03 1.89919274e+03 1.90193254e+03 1.90431824e+03
 1.90643305e+03 1.90884850e+03 1.91117339e+03 1.91354292e+03
 1.91632725e+03 1.91913875e+03 1.92169230e+03 1.92416840e+03
 1.92648294e+03 1.92949124e+03 1.93235651e+03 1.93490793e+03
 1.93778764e+03 1.94078388e+03 1.94382591e+03 1.94673742e+03
 1.94946507e+03 1.95179209e+03 1.95438125e+03 1.95719432e+03
 1.95995136e+03 1.96270823e+03 1.96542212e+03 1.96791017e+03
 1.97022741e+03 1.97280624e+03 1.97595261e+03 1.97917793e+03
 1.98171247e+03 1.98449499e+03 1.98737657e+03 1.99068437e+03
 1.99400415e+03 1.99718639e+03 2.00032537e+03 2.00366412e+03
 2.00653617e+03 2.00922489e+03 2.01180816e+03 2.01478866e+03
 2.01799215e+03 2.02138280e+03 2.02436801e+03 2.02718595e+03
 2.03058538e+03 2.03400482e+03 2.03710045e+03 2.03984161e+03
 2.04272096e+03 2.04553252e+03 2.04851685e+03 2.05164387e+03
 2.05489676e+03 2.05812418e+03 2.06144870e+03 2.06489746e+03
 2.06830086e+03 2.07127870e+03 2.07439852e+03 2.07754135e+03
 2.08084496e+03 2.08449588e+03 2.08827306e+03 2.09214175e+03
 2.09519347e+03 2.09762434e+03 2.10071487e+03 2.10391963e+03
 2.10730990e+03 2.11074943e+03 2.11419391e+03 2.11762126e+03
 2.12099939e+03 2.12439443e+03 2.12806353e+03 2.13151421e+03
 2.13459429e+03 2.13793285e+03 2.14134297e+03 2.14487012e+03
 2.14839985e+03 2.15184760e+03 2.15492610e+03 2.15838269e+03
 2.16219172e+03 2.16605418e+03 2.16962837e+03 2.17252940e+03
 2.17636567e+03 2.18027917e+03 2.18325312e+03 2.18692088e+03
 2.19090750e+03 2.19382807e+03 2.19684647e+03 2.19999546e+03
 2.20346432e+03 2.20717487e+03 2.21091470e+03 2.21469011e+03
 2.21839014e+03 2.22142102e+03 2.22464646e+03 2.22808098e+03
 2.23208467e+03 2.23604743e+03 2.23985371e+03 2.24347325e+03
 2.24690965e+03 2.25074744e+03 2.25419565e+03 2.25764226e+03
 2.26181121e+03 2.26564785e+03 2.26931300e+03 2.27281606e+03
 2.27630896e+03 2.27981919e+03 2.28321902e+03 2.28665995e+03
 2.29031794e+03 2.29336750e+03 2.29617342e+03 2.29979441e+03
 2.30376478e+03 2.30809800e+03 2.31156426e+03 2.31485444e+03
 2.31835370e+03 2.32258545e+03 2.32744936e+03 2.33134987e+03
 2.33523734e+03 2.33901159e+03 2.34298599e+03 2.34655470e+03
 2.34962105e+03 2.35328388e+03 2.35729067e+03 2.36073892e+03
 2.36415813e+03 2.36799021e+03 2.37215691e+03 2.37626273e+03
 2.38019970e+03 2.38405108e+03 2.38752169e+03 2.39070269e+03
 2.39415708e+03 2.39800739e+03 2.40220553e+03 2.40635070e+03
 2.41012705e+03 2.41426437e+03 2.41825530e+03 2.42228856e+03
 2.42659684e+03 2.43097357e+03 2.43434760e+03 2.43780480e+03
 2.44180110e+03 2.44588406e+03 2.44963894e+03 2.45288154e+03
 2.45681688e+03 2.46110232e+03 2.46542915e+03 2.46992912e+03
 2.47456554e+03 2.47806814e+03 2.48158121e+03 2.48569507e+03
 2.48937870e+03 2.49303151e+03 2.49687964e+03 2.50068607e+03
 2.50455569e+03 2.50856147e+03 2.51267365e+03 2.51651982e+03
 2.52101612e+03 2.52543106e+03 2.52962425e+03 2.53358756e+03
 2.53666380e+03 2.54056089e+03 2.54464292e+03 2.54887326e+03
 2.55340337e+03 2.55740676e+03 2.56083352e+03 2.56452067e+03
 2.56866955e+03 2.57344596e+03 2.57724962e+03 2.58020946e+03
 2.58380805e+03 2.58722245e+03 2.59053341e+03 2.59382270e+03
 2.59690562e+03 2.59943985e+03 2.60267732e+03 2.60604199e+03
 2.60887627e+03 2.61198546e+03 2.61503098e+03 2.61790760e+03
 2.62056816e+03 2.62370211e+03 2.62634351e+03 2.62884308e+03
 2.63116314e+03 2.63362434e+03 2.63593635e+03 2.63819367e+03
 2.64048952e+03 2.64294800e+03 2.64506008e+03 2.64683890e+03
 2.64784933e+03 2.64873614e+03 2.64958172e+03 2.65053512e+03
 2.65189029e+03 2.65348882e+03 2.65497484e+03 2.65616543e+03
 2.65733953e+03 2.65820744e+03 2.65898365e+03 2.66010284e+03
 2.66137650e+03 2.66297587e+03 2.66419036e+03 2.66522818e+03
 2.66603188e+03 2.66754543e+03 2.66920761e+03 2.67083840e+03
 2.67227793e+03 2.67356577e+03 2.67461195e+03 2.67576321e+03
 2.67700699e+03 2.67832010e+03 2.67942957e+03 2.68004305e+03
 2.68073169e+03]
measure:regret, alg:MOSS++ (ours), std:
[0.00000000e+00 4.37239082e-01 5.83917869e-01 6.64010208e-01
 7.01536333e-01 7.73822425e-01 9.30552530e-01 1.06248354e+00
 1.15829448e+00 1.39530991e+00 1.91729087e+00 2.05501170e+00
 2.17228795e+00 4.81675055e+00 8.67344951e+00 1.22684957e+01
 1.36671366e+01 1.36775275e+01 1.37497901e+01 1.38057462e+01
 1.38885710e+01 1.42630737e+01 1.44407000e+01 1.72553927e+01
 2.62206523e+01 3.62065686e+01 4.60708373e+01 5.58697088e+01
 6.45321251e+01 7.19673269e+01 7.89886414e+01 8.60563578e+01
 9.24008990e+01 9.87374257e+01 1.04939197e+02 1.11111542e+02
 1.16346196e+02 1.16436663e+02 1.16501656e+02 1.16654047e+02
 1.17075148e+02 1.17502221e+02 1.18171159e+02 1.20473198e+02
 1.24034798e+02 1.28517101e+02 1.33714076e+02 1.39497687e+02
 1.44926547e+02 1.50581944e+02 1.55721478e+02 1.60669651e+02
 1.65348632e+02 1.69888758e+02 1.74349138e+02 1.78838229e+02
 1.83186588e+02 1.87554102e+02 1.91971867e+02 1.96442531e+02
 2.01013002e+02 2.05578584e+02 2.10187113e+02 2.14835826e+02
 2.19522168e+02 2.24260747e+02 2.29015436e+02 2.33801195e+02
 2.38616152e+02 2.43458576e+02 2.48326860e+02 2.53222921e+02
 2.58138552e+02 2.63075877e+02 2.68033698e+02 2.73010898e+02
 2.78006436e+02 2.82074779e+02 2.82450220e+02 2.83182629e+02
 2.84090985e+02 2.85604978e+02 2.87499307e+02 2.89505481e+02
 2.94005616e+02 2.99326275e+02 3.04663923e+02 3.09650999e+02
 3.14139666e+02 3.18483902e+02 3.22333169e+02 3.26274053e+02
 3.29857583e+02 3.33541766e+02 3.37281871e+02 3.40987435e+02
 3.44372842e+02 3.47691061e+02 3.51056896e+02 3.54350330e+02
 3.57540995e+02 3.60816789e+02 3.64049287e+02 3.67301230e+02
 3.70663770e+02 3.73984533e+02 3.77294328e+02 3.80622094e+02
 3.83967363e+02 3.87325468e+02 3.90704416e+02 3.94099547e+02
 3.97510445e+02 4.00934614e+02 4.04375862e+02 4.07840607e+02
 4.11311062e+02 4.14795533e+02 4.18293046e+02 4.21803746e+02
 4.25327307e+02 4.28862819e+02 4.32414922e+02 4.35980033e+02
 4.39553884e+02 4.43137214e+02 4.46731635e+02 4.50336881e+02
 4.53952694e+02 4.57578823e+02 4.61215025e+02 4.64861065e+02
 4.68516711e+02 4.72181742e+02 4.75855940e+02 4.79539094e+02
 4.83241844e+02 4.86942790e+02 4.90651643e+02 4.94368665e+02
 4.98093676e+02 5.01834974e+02 5.05575454e+02 5.09323401e+02
 5.13078653e+02 5.16841049e+02 5.20610435e+02 5.24387797e+02
 5.28170718e+02 5.31960189e+02 5.35756071e+02 5.39558228e+02
 5.43365269e+02 5.47179596e+02 5.50999814e+02 5.54825800e+02
 5.58657437e+02 5.62494608e+02 5.66337201e+02 5.69214021e+02
 5.70229380e+02 5.72541072e+02 5.76024276e+02 5.80065033e+02
 5.84537888e+02 5.88868531e+02 5.93562355e+02 5.97723453e+02
 6.02075097e+02 6.06070049e+02 6.10502530e+02 6.15105667e+02
 6.19539303e+02 6.24206564e+02 6.28643503e+02 6.32965849e+02
 6.37117665e+02 6.41269246e+02 6.45251986e+02 6.49288516e+02
 6.53325164e+02 6.57397961e+02 6.61497154e+02 6.65476193e+02
 6.69461901e+02 6.73441969e+02 6.77253818e+02 6.81046522e+02
 6.84877253e+02 6.88712167e+02 6.92546659e+02 6.96325187e+02
 7.00119636e+02 7.03913881e+02 7.07732786e+02 7.11534537e+02
 7.15338330e+02 7.19154375e+02 7.22986476e+02 7.26803920e+02
 7.30657278e+02 7.34513195e+02 7.38354255e+02 7.42189372e+02
 7.46034650e+02 7.49877049e+02 7.53724918e+02 7.57578215e+02
 7.61447522e+02 7.65317250e+02 7.69221979e+02 7.73094630e+02
 7.76968361e+02 7.80845669e+02 7.84727210e+02 7.88615103e+02
 7.92504608e+02 7.96397081e+02 8.00293116e+02 8.04209481e+02
 8.08166566e+02 8.12080257e+02 8.16035855e+02 8.19949514e+02
 8.23866520e+02 8.27789661e+02 8.31713220e+02 8.35639986e+02
 8.39570130e+02 8.43503176e+02 8.47439295e+02 8.51380076e+02
 8.55322218e+02 8.59272176e+02 8.63220179e+02 8.67171431e+02
 8.71125132e+02 8.75100397e+02 8.79065098e+02 8.83027570e+02
 8.86992234e+02 8.90983573e+02 8.94953659e+02 8.98929353e+02
 9.02906082e+02 9.06909136e+02 9.10889153e+02 9.14871611e+02
 9.18856479e+02 9.22843726e+02 9.26833320e+02 9.30825231e+02
 9.34819431e+02 9.38815889e+02 9.42814577e+02 9.46815466e+02
 9.50818530e+02 9.54823740e+02 9.58831070e+02 9.62840493e+02
 9.66851983e+02 9.70865175e+02 9.74880723e+02 9.78898262e+02
 9.82919599e+02 9.86941049e+02 9.90964419e+02 9.94989685e+02
 9.99016824e+02 1.00304581e+03 1.00707663e+03 1.01110926e+03
 1.01514014e+03 1.01917631e+03 1.02321130e+03 1.02725094e+03
 1.03129228e+03 1.03533531e+03 1.03937999e+03 1.04342632e+03
 1.04747428e+03 1.05152123e+03 1.05557012e+03 1.05962292e+03
 1.06367740e+03 1.06773321e+03 1.07179053e+03 1.07584935e+03
 1.07991080e+03 1.08397257e+03 1.08803578e+03 1.09210043e+03
 1.09616650e+03 1.10023396e+03 1.10430281e+03 1.10837304e+03
 1.11244461e+03 1.11651753e+03 1.12059812e+03 1.12467367e+03
 1.12875053e+03 1.13282866e+03 1.13690807e+03 1.14098873e+03
 1.14507063e+03 1.14915376e+03 1.15323811e+03 1.15732366e+03
 1.16141040e+03 1.16549832e+03 1.16958740e+03 1.17367764e+03
 1.17776902e+03 1.18186152e+03 1.18595515e+03 1.19004988e+03
 1.19414571e+03 1.19824262e+03 1.20234060e+03 1.20643964e+03
 1.21053974e+03 1.21464087e+03 1.21874303e+03 1.22164316e+03
 1.22441530e+03 1.22849853e+03 1.23312865e+03 1.23795247e+03
 1.24257785e+03 1.24721751e+03 1.25188416e+03 1.25637274e+03
 1.26069531e+03 1.26506825e+03 1.26939273e+03 1.27381770e+03
 1.27820150e+03 1.28247327e+03 1.28683524e+03 1.29109429e+03
 1.29552963e+03 1.29979727e+03 1.30407575e+03 1.30827307e+03
 1.31232128e+03 1.31675507e+03 1.32109744e+03 1.32531112e+03
 1.32955007e+03 1.33364320e+03 1.33784509e+03 1.34204971e+03
 1.34623116e+03 1.35037853e+03 1.35464073e+03 1.35892432e+03
 1.36313381e+03 1.36730255e+03 1.37147814e+03 1.37573420e+03
 1.38000124e+03 1.38422291e+03 1.38850280e+03 1.39276492e+03
 1.39702226e+03 1.40128947e+03 1.40549384e+03 1.40965460e+03
 1.41380543e+03 1.41792500e+03 1.42202439e+03 1.42614389e+03
 1.43023825e+03 1.43432498e+03 1.43842474e+03 1.44252367e+03
 1.44662889e+03 1.45081954e+03 1.45497240e+03 1.45908938e+03
 1.46319722e+03 1.46733238e+03 1.47144744e+03 1.47557323e+03
 1.47972033e+03 1.48383700e+03 1.48794218e+03 1.49204913e+03
 1.49615467e+03 1.50025558e+03 1.50436339e+03 1.50847451e+03
 1.51259447e+03 1.51674495e+03 1.52088973e+03 1.52499351e+03
 1.52909332e+03 1.53319297e+03 1.53729329e+03 1.54140053e+03
 1.54550277e+03 1.54960555e+03 1.55370824e+03 1.55781205e+03
 1.56191609e+03 1.56602083e+03 1.57012564e+03 1.57423090e+03
 1.57833501e+03 1.58243811e+03 1.58654532e+03 1.59065263e+03
 1.59475839e+03 1.59886598e+03 1.60297563e+03 1.60708452e+03
 1.61119466e+03 1.61530279e+03 1.61941210e+03 1.62352338e+03
 1.62763532e+03 1.63174730e+03 1.63586105e+03 1.63997506e+03
 1.64408879e+03 1.64820420e+03 1.65231866e+03 1.65643369e+03
 1.66054914e+03 1.66466501e+03 1.66878108e+03 1.67289779e+03
 1.67701490e+03 1.68113239e+03 1.68525031e+03 1.68936864e+03
 1.69348717e+03 1.69760629e+03 1.70172551e+03 1.70584409e+03
 1.70996514e+03 1.71408532e+03 1.71820639e+03 1.72232784e+03
 1.72644930e+03 1.73057150e+03 1.73469161e+03 1.73881455e+03
 1.74293758e+03 1.74710190e+03 1.75122584e+03 1.75535129e+03
 1.75947675e+03 1.76360226e+03 1.76773081e+03 1.77185662e+03
 1.77598262e+03 1.78010888e+03 1.78423572e+03 1.78836290e+03
 1.79249042e+03 1.79661827e+03 1.80074392e+03 1.80487233e+03
 1.80900117e+03 1.81312975e+03 1.81725924e+03 1.82138905e+03
 1.82551918e+03 1.82964962e+03 1.83378038e+03 1.83791144e+03
 1.84204236e+03 1.84617373e+03 1.85030573e+03 1.85443356e+03
 1.85856604e+03 1.86269894e+03 1.86683214e+03 1.87096564e+03
 1.87509943e+03 1.87923351e+03 1.88336789e+03 1.88750139e+03
 1.89163631e+03 1.89577154e+03 1.89990706e+03 1.90404286e+03
 1.90817893e+03 1.91231510e+03 1.91645155e+03 1.92058828e+03
 1.92472541e+03 1.92886287e+03 1.93300052e+03 1.93713847e+03
 1.94127661e+03 1.94541512e+03 1.94955389e+03 1.95369292e+03
 1.95783221e+03]
measure:regret, alg:empMOSS++ (ours), std:
[0.00000000e+00 4.36957452e-01 6.75325152e-01 8.53300427e-01
 8.88988063e-01 9.86402673e-01 1.14910974e+00 1.40890093e+00
 1.63435317e+00 2.00945216e+00 2.66296030e+00 2.89413737e+00
 3.18321883e+00 3.28646302e+00 3.96804936e+00 4.98835584e+00
 5.70791957e+00 5.95722118e+00 5.79843486e+00 6.24947207e+00
 6.58085333e+00 6.71921861e+00 9.59149858e+00 1.11611358e+01
 1.28265664e+01 1.46598160e+01 1.64964267e+01 1.80917320e+01
 1.96202993e+01 2.12803214e+01 2.29264197e+01 2.41523976e+01
 2.55472185e+01 2.67210492e+01 2.79002974e+01 2.90843041e+01
 3.05942334e+01 3.07352665e+01 3.09666943e+01 3.09217809e+01
 3.25091441e+01 3.46207037e+01 3.64219118e+01 3.82981798e+01
 4.03358691e+01 4.23829641e+01 4.42969960e+01 4.63738214e+01
 4.83438001e+01 5.02374052e+01 5.21849073e+01 5.40343402e+01
 5.54248010e+01 5.66392966e+01 5.78547258e+01 5.90710310e+01
 6.02881592e+01 6.15060616e+01 6.27246929e+01 6.39440116e+01
 6.52604237e+01 6.65442886e+01 6.78080182e+01 6.90298155e+01
 7.02521285e+01 7.14749306e+01 7.26981973e+01 7.39203395e+01
 7.52168886e+01 7.67734161e+01 7.80196185e+01 7.92450117e+01
 8.04707458e+01 8.16968053e+01 8.29231759e+01 8.41498439e+01
 8.53767966e+01 8.66315898e+01 8.69028646e+01 8.73508383e+01
 8.80624719e+01 8.90986113e+01 9.07429780e+01 9.25437681e+01
 9.39655496e+01 9.56485921e+01 9.71273961e+01 9.85290850e+01
 9.98954071e+01 1.01371358e+02 1.02805045e+02 1.04388842e+02
 1.06166578e+02 1.07698933e+02 1.09133635e+02 1.10534411e+02
 1.12001781e+02 1.13200171e+02 1.14398710e+02 1.15597394e+02
 1.16796219e+02 1.17995181e+02 1.19194274e+02 1.20393496e+02
 1.21708185e+02 1.23004670e+02 1.24204274e+02 1.25654759e+02
 1.26854610e+02 1.28054567e+02 1.29254627e+02 1.30454788e+02
 1.31655047e+02 1.32855401e+02 1.34063735e+02 1.35444164e+02
 1.36644802e+02 1.37845525e+02 1.39046331e+02 1.40353204e+02
 1.41647874e+02 1.42955422e+02 1.44185690e+02 1.45386901e+02
 1.46588181e+02 1.47789531e+02 1.48990948e+02 1.50192431e+02
 1.51393978e+02 1.52595587e+02 1.53797258e+02 1.54998988e+02
 1.56203578e+02 1.57405424e+02 1.58612438e+02 1.59814394e+02
 1.61016403e+02 1.62218464e+02 1.63457595e+02 1.64689091e+02
 1.65891304e+02 1.67093565e+02 1.68295872e+02 1.69508736e+02
 1.70711444e+02 1.71913885e+02 1.73116369e+02 1.74318895e+02
 1.75521462e+02 1.76781882e+02 1.78045167e+02 1.79247856e+02
 1.80450583e+02 1.81653346e+02 1.82856146e+02 1.84058981e+02
 1.85261851e+02 1.86464756e+02 1.87667693e+02 1.88883652e+02
 1.90109408e+02 1.91037414e+02 1.91795713e+02 1.92829244e+02
 1.93800005e+02 1.94867720e+02 1.96100109e+02 1.97432053e+02
 1.98667783e+02 2.00040679e+02 2.01203418e+02 2.02389067e+02
 2.03608754e+02 2.05000358e+02 2.06386251e+02 2.07736516e+02
 2.09202446e+02 2.10761543e+02 2.12052286e+02 2.13418012e+02
 2.14799071e+02 2.16173064e+02 2.17676432e+02 2.19259263e+02
 2.20650232e+02 2.21914613e+02 2.23454844e+02 2.24888639e+02
 2.26421157e+02 2.27795698e+02 2.29301065e+02 2.30766530e+02
 2.32069888e+02 2.33437569e+02 2.34694017e+02 2.36006134e+02
 2.37348965e+02 2.38587792e+02 2.39791267e+02 2.41024902e+02
 2.42232154e+02 2.43436473e+02 2.44752012e+02 2.46005768e+02
 2.47209364e+02 2.48412979e+02 2.49616612e+02 2.50820263e+02
 2.52023932e+02 2.53290157e+02 2.54531393e+02 2.55735116e+02
 2.57007275e+02 2.58211032e+02 2.59414805e+02 2.60618594e+02
 2.61822399e+02 2.63026219e+02 2.64230055e+02 2.65433906e+02
 2.66637773e+02 2.67841654e+02 2.69045550e+02 2.70249460e+02
 2.71453384e+02 2.72657322e+02 2.73861275e+02 2.75065241e+02
 2.76269220e+02 2.77473213e+02 2.78677219e+02 2.79881238e+02
 2.81085270e+02 2.82289314e+02 2.83493371e+02 2.84697440e+02
 2.85901522e+02 2.87105615e+02 2.88309720e+02 2.89513837e+02
 2.90717966e+02 2.91922106e+02 2.93126258e+02 2.94330420e+02
 2.95534594e+02 2.96738778e+02 2.97942973e+02 2.99147179e+02
 3.00351395e+02 3.01555622e+02 3.02759859e+02 3.03964106e+02
 3.05168363e+02 3.06372630e+02 3.07576907e+02 3.08781193e+02
 3.09985489e+02 3.11189794e+02 3.12394109e+02 3.13598433e+02
 3.14802766e+02 3.16007108e+02 3.17211459e+02 3.18415819e+02
 3.19641629e+02 3.20880941e+02 3.22116317e+02 3.23351702e+02
 3.24587095e+02 3.25822498e+02 3.27057908e+02 3.28293328e+02
 3.29528755e+02 3.30764191e+02 3.31999635e+02 3.33235087e+02
 3.34470547e+02 3.35706015e+02 3.36941491e+02 3.38176974e+02
 3.39412466e+02 3.40647964e+02 3.41883471e+02 3.43118984e+02
 3.44354505e+02 3.45590033e+02 3.46825569e+02 3.48061111e+02
 3.49296660e+02 3.50532217e+02 3.51767780e+02 3.53003350e+02
 3.54238927e+02 3.55474510e+02 3.56710100e+02 3.57945697e+02
 3.59181300e+02 3.60416909e+02 3.61652525e+02 3.62888146e+02
 3.64123775e+02 3.65359409e+02 3.66595049e+02 3.67830695e+02
 3.69066347e+02 3.70302006e+02 3.71537669e+02 3.72773339e+02
 3.74009015e+02 3.75244696e+02 3.76480382e+02 3.77716074e+02
 3.78951772e+02 3.80187475e+02 3.81423184e+02 3.82658897e+02
 3.83894616e+02 3.85130341e+02 3.86366070e+02 3.87601805e+02
 3.88837544e+02 3.90073289e+02 3.91309039e+02 3.92547740e+02
 3.93790194e+02 3.95032176e+02 3.96264525e+02 3.97574614e+02
 3.98835923e+02 4.00012249e+02 4.01173755e+02 4.02329033e+02
 4.03505680e+02 4.04688216e+02 4.05897941e+02 4.07062535e+02
 4.08309208e+02 4.09360935e+02 4.10370417e+02 4.11411390e+02
 4.12482483e+02 4.13583522e+02 4.14753780e+02 4.15759477e+02
 4.16772798e+02 4.17785105e+02 4.18792648e+02 4.19803943e+02
 4.20816108e+02 4.21827727e+02 4.22838897e+02 4.23848781e+02
 4.24856964e+02 4.25878523e+02 4.26901167e+02 4.27936986e+02
 4.28995760e+02 4.30067164e+02 4.31144688e+02 4.32222367e+02
 4.33300049e+02 4.34377734e+02 4.35455422e+02 4.36533114e+02
 4.37610809e+02 4.38688506e+02 4.39766207e+02 4.40843911e+02
 4.41921618e+02 4.42999328e+02 4.44077041e+02 4.45154757e+02
 4.46232476e+02 4.47310198e+02 4.48387923e+02 4.49465651e+02
 4.50543382e+02 4.51621115e+02 4.52698851e+02 4.53776590e+02
 4.54854332e+02 4.55932077e+02 4.57009824e+02 4.58087574e+02
 4.59165327e+02 4.60243083e+02 4.61320841e+02 4.62398602e+02
 4.63476366e+02 4.64554132e+02 4.65631900e+02 4.66709672e+02
 4.67787446e+02 4.68865222e+02 4.69943001e+02 4.71020783e+02
 4.72098567e+02 4.73176353e+02 4.74254142e+02 4.75331933e+02
 4.76409727e+02 4.77487524e+02 4.78565322e+02 4.79643123e+02
 4.80720927e+02 4.81798732e+02 4.82876540e+02 4.83954351e+02
 4.85032163e+02 4.86109978e+02 4.87187796e+02 4.88265615e+02
 4.89343437e+02 4.90421261e+02 4.91499087e+02 4.92576915e+02
 4.93654746e+02 4.94732579e+02 4.95810414e+02 4.96888251e+02
 4.97966090e+02 4.99043931e+02 5.00121774e+02 5.01199620e+02
 5.02277467e+02 5.03355317e+02 5.04433169e+02 5.05511022e+02
 5.06588878e+02 5.07666736e+02 5.08744595e+02 5.09822457e+02
 5.10900321e+02 5.11978186e+02 5.13056054e+02 5.14133923e+02
 5.15211794e+02 5.16289668e+02 5.17367543e+02 5.18445420e+02
 5.19523299e+02 5.20601180e+02 5.21679062e+02 5.22756947e+02
 5.23834833e+02 5.24912721e+02 5.25990611e+02 5.27068503e+02
 5.28146397e+02 5.29224292e+02 5.30302189e+02 5.31380088e+02
 5.32457988e+02 5.33535891e+02 5.34613795e+02 5.35691700e+02
 5.36769608e+02 5.37847517e+02 5.38925427e+02 5.40003340e+02
 5.41081254e+02 5.42159170e+02 5.43237087e+02 5.44315006e+02
 5.45392927e+02 5.46470849e+02 5.47548773e+02 5.48626698e+02
 5.49704625e+02 5.50782554e+02 5.51860484e+02 5.52938415e+02
 5.54016349e+02 5.55094283e+02 5.56172220e+02 5.57250157e+02
 5.58328097e+02 5.59406038e+02 5.60483980e+02 5.61561924e+02
 5.62639869e+02 5.63717816e+02 5.64795764e+02 5.65873713e+02
 5.66951664e+02 5.68029617e+02 5.69107571e+02 5.70185526e+02
 5.71263483e+02 5.72341441e+02 5.73419401e+02 5.74497361e+02
 5.75575324e+02 5.76653287e+02 5.77731252e+02 5.78809219e+02
 5.79887186e+02 5.80965156e+02 5.82043126e+02 5.83121098e+02
 5.84199071e+02]
measure:final_extra, alg:MOSS, std:
0.0
measure:final_extra, alg:MOSS Oracle, std:
0.0
measure:final_extra, alg:Quantile, std:
0.0
measure:final_extra, alg:Parallel (ours), std:
0.0
measure:final_extra, alg:MOSS++ (ours), std:
[0.00075593 0.00665551 0.02790829 0.02894549 0.02195348 0.02161397
 0.         0.         0.        ]
measure:final_extra, alg:empMOSS++ (ours), std:
[0.00097735 0.00257935 0.00636613 0.00690368 0.00625569 0.00621497
 0.         0.         0.        ]
